0 581.9708 1035.3177 241.3473 310.7617 4.0563131302826605
0 334.1413 928.9057 148.5345 156.1134 88.32673517897445
0 348.0646 621.3449 129.2862 163.1925 19.48056503444799
0 598.4776 602.6552 182.282 296.8639 -22.918329405326745
0 1229.1979 197.8773 129.078 161.8921 11.459155902616464
0 1488.1149 1408.8528 277.6514 471.6131 -67.70027215435864
0 1500.0757 808.9181 184.0191 370.7386 84.2704044485979
0 1418.8577 550.2361 178.994 205.0774 84.2704044485979
0 1464.9515 470.5276 150.9794 219.9413 88.28110901451367
0 975.0887 244.5404 124.8895 192.3725 -2.9104151401148783
0 1325.4327 1135.0312 355.6304 390.035 -57.29579711317621
