0 601.6316 928.8319 256.4094 281.3426 -55.62253229215061
0 310.5612 1030.111 173.1584 214.0768 53.94926747112507
0 376.083 589.7245 139.8004 153.6283 25.210142985756224
0 600.9933 602.1746 170.2119 302.1452 -17.188751454018586
0 1268.462 1090.2051 254.1329 387.5773 -59.73086774248213
0 1113.2803 224.3587 134.8785 230.9136 1.2891550390443522
0 1363.5726 295.2773 143.5947 254.8567 25.066903536973516
0 1578.3826 468.9263 165.1709 252.4397 31.988005642910366
0 1412.4825 553.1458 181.3937 212.7203 -90.0
0 1591.71 815.7277 189.3773 442.6497 66.65195224832507
0 959.5575 222.5237 126.68 238.885 -3.196894037680295
0 1659.2462 1072.0764 211.3622 428.4047 82.40829161442275
