0 601.6316 928.8319 256.4094 281.3426 -55.62253229215061
0 320.992 1022.8011 178.3732 240.7857 53.94926747112507
0 366.5134 596.5131 163.8141 171.5215 25.210142985756224
0 600.9933 602.1746 170.2119 302.1452 -17.188751454018586
0 1694.8843 1059.5974 145.8163 341.6942 -89.38143364050228
0 1507.4403 1334.7712 266.5889 453.6406 -63.02537506448442
0 1294.8049 228.6455 151.5183 220.6087 12.032113697747286
0 1666.8279 805.4779 183.9382 288.911 -55.62253229215061
0 1412.4825 553.1458 181.3937 212.7203 -90.0
0 1587.7362 837.584 168.1279 471.2768 68.22758618493486
0 836.0782 197.917 163.4084 193.5665 -11.504782067077201
0 1093.0186 465.8258 263.9556 457.2463 -1.7600093883629597e-05
