0 601.6316 928.8319 256.4094 281.3426 -55.62253229215061
0 320.992 1022.8011 178.3732 240.7857 53.94926747112507
0 366.9826 607.1458 165.4164 169.1776 25.210142985756224
0 600.9933 602.1746 170.2119 302.1452 -17.188751454018586
0 1617.9247 1257.0629 161.2106 360.6276 -72.19269978657758
0 1220.8398 1263.4 359.5439 461.0994 -5.729595551402099
0 1355.3339 274.3817 121.9019 264.9029 20.626480624709636
0 1669.8708 820.9679 183.3494 328.6524 -72.8112661460753
0 1412.4825 553.1458 181.3937 212.7203 -90.0
0 1577.0776 806.9637 193.0816 476.0868 71.09237516058897
0 814.4385 206.4233 157.1974 204.4613 -14.369571042731309
0 1664.6566 1047.5611 261.8713 422.8415 -84.27042204869177
