0 598.7802 1066.2998 200.1773 394.1061 34.37746770784939
0 326.1224 882.449 140.0 168.0 0.0
0 380.5855 592.4736 127.9156 151.3728 19.48056503444799
0 588.6889 632.2472 166.8458 316.3487 -22.918329405326745
0 942.6224 274.949 129.0 129.0 0.0
0 1190.5731 195.8653 128.9546 171.6672 7.448451336700702
0 1372.6678 296.3516 160.6955 270.5387 20.626480624709636
0 1481.1225 475.949 196.4307 232.3273 72.81124854598141
0 1420.7224 555.249 180.4 203.2 -90.0
0 1625.9537 725.5607 158.4903 216.6619 76.82195311189724
0 1558.6225 988.949 202.8552 443.7159 80.25969988268213
0 1099.9224 440.549 259.4 322.2 0.0
