0 601.6316 928.8319 256.4094 281.3426 -55.62253229215061
0 1012.8165 833.0025 383.9308 408.038 4.629270925413493
0 368.1416 598.8995 137.3508 150.9761 25.210142985756224
0 566.2496 607.9011 210.916 258.1582 -17.188751454018586
0 871.8561 221.5007 107.9846 129.7569 -9.167342322186983
0 1152.308 179.1733 120.4477 147.2122 3.437746770784939
0 1376.9574 272.0637 144.9299 222.0178 14.896902673401405
0 1439.292 430.8958 144.262 179.1556 61.35209264336498
0 1407.6224 550.449 170.0 215.0 -90.0
0 1618.2185 718.7089 158.1248 208.386 72.81124854598141
0 959.0537 207.5567 115.2871 218.5902 -6.921119706030652
0 1103.6224 409.449 235.0 402.0 0.0
