0 610.2955 1015.4034 230.0325 289.8178 29.839413911169743
0 324.4318 933.6421 148.6545 149.7901 -1.6732648210255547
0 340.5832 645.0538 137.2628 158.5121 25.210142985756224
0 578.6152 617.8098 191.7828 295.5629 -22.918329405326745
0 977.2685 1485.4894 257.1346 512.9722 5.729577951308232
0 1541.1989 1231.7142 249.3579 522.9032 -71.13801892514358
0 1524.6084 793.1596 183.9302 331.3561 84.2704044485979
0 1415.9493 557.4494 175.996 221.5364 84.2704044485979
0 1430.4252 430.5893 134.4886 167.4504 71.09237516058897
0 1088.4725 202.0146 116.9546 192.0596 4.538036196585836
0 1123.396 424.981 172.8934 443.9366 5.729577951308232
