0 1007.7997 1236.0254 341.6874 361.5885 -47.02816536518827
0 321.49 991.2813 142.0059 210.9579 65.40842337374147
0 347.609 649.5554 145.1655 156.759 19.48056503444799
0 594.8483 614.3494 172.819 316.3594 -17.188751454018586
0 669.6497 1386.482 228.0049 498.9569 45.83662361046586
0 1284.896 277.896 197.0248 224.4072 -2.2918487806171015
0 1538.5368 799.5155 180.0991 339.1024 84.2704044485979
0 1420.2888 556.8668 174.4559 208.9954 84.2704044485979
0 1432.4252 433.5893 134.4886 167.4504 71.09237516058897
0 911.1122 210.5831 117.2783 207.6893 -4.629288525507349
0 1102.2299 414.665 176.2253 426.1046 -1.7600093883629597e-05
