0 599.9802 1067.0998 200.1773 394.1061 34.37746770784939
0 326.5224 883.049 140.8 166.8 0.0
0 380.5855 592.4736 127.9156 151.3728 19.48056503444799
0 588.6889 632.2472 166.8458 316.3487 -22.918329405326745
0 942.6224 274.949 129.0 129.0 0.0
0 1216.3271 199.8885 133.6417 178.1209 11.459155902616464
0 1373.6074 296.5216 158.8169 270.8825 20.626480624709636
0 1481.1225 475.949 196.4307 232.3273 72.81124854598141
0 1429.1224 552.449 186.0 220.0 -90.0
0 1628.0561 718.4722 178.5085 220.3261 72.81124854598141
0 1557.542 983.9791 206.439 443.7619 80.25969988268213
0 1118.1224 441.749 286.0 324.6 0.0
