0 582.0048 1032.3905 241.9171 307.2493 4.0563131302826605
0 327.4318 931.6421 142.5402 153.6132 -1.6732648210255547
0 349.0691 618.7742 129.1069 168.7096 19.48056503444799
0 597.72 606.7112 186.8365 303.7455 -22.918329405326745
0 1303.6558 215.492 142.6967 155.5815 11.459155902616464
0 852.0678 1462.4312 305.944 566.7093 31.467052567734527
0 1530.6413 797.7057 186.3038 347.7206 84.2704044485979
0 1418.8577 550.2361 178.994 205.0774 84.2704044485979
0 1473.814 477.572 136.3652 237.2359 88.28110901451367
0 926.0623 222.9176 136.6408 233.1411 -2.9104151401148783
0 1786.8217 1143.3731 160.5412 295.2329 -88.23551805024061
