0 611.3742 1069.8541 227.5592 343.8782 32.70420288682379
0 325.7769 929.3006 149.2171 150.73 -1.6732648210255547
0 337.9362 651.9159 138.3187 158.5941 25.210142985756224
0 603.2404 607.5935 163.7737 314.6883 -17.188751454018586
0 1109.8931 1466.8344 302.8919 491.1275 -10.542441030500981
0 1311.543 278.9366 133.6603 244.3868 10.427831871380983
0 1543.6945 796.3432 182.3767 345.221 84.2704044485979
0 1415.9493 557.4494 175.996 221.5364 84.2704044485979
0 1433.7852 430.5893 134.4886 167.4504 71.09237516058897
0 966.2321 220.84 131.3387 242.1449 -3.8271476123241825
0 1126.406 428.041 172.7133 443.3366 0.9167324722093171
