0 581.9708 1035.3177 241.3473 310.7617 4.0563131302826605
0 333.6331 929.863 146.6503 155.0416 88.32673517897445
0 345.213 642.396 130.7639 180.03 19.48056503444799
0 598.5188 602.4919 182.0788 296.5951 -22.918329405326745
0 1202.893 222.1732 106.5508 119.9195 5.729577951308232
0 1297.7982 301.2027 173.9838 228.7548 0.0
0 1496.5757 809.418 193.0739 370.6422 84.2704044485979
0 1418.8577 550.2361 178.994 205.0774 84.2704044485979
0 1406.3968 413.1893 137.8033 170.6589 -18.907624839411028
0 974.7245 246.211 115.7995 199.2611 -2.9104151401148783
