0 601.6316 928.8319 256.4094 281.3426 -55.62253229215061
0 305.1353 992.6631 177.3678 212.7759 72.57039581287677
0 376.083 589.7245 139.8004 153.6283 25.210142985756224
0 600.406 602.5475 171.5543 301.7798 -17.188751454018586
0 1034.0879 382.6846 160.4728 327.298 1.3368824233787497
0 1196.1529 192.9939 127.8917 163.6747 5.729577951308232
0 1317.7198 253.4354 124.4698 140.8532 20.626480624709636
0 1396.8144 330.3634 179.321 223.4065 21.24504698420742
0 1412.4825 553.1458 181.3937 212.7203 -90.0
0 1629.4823 660.877 193.5252 307.8075 59.155773527289966
0 945.3087 209.875 120.2153 198.2552 -8.639993091423094
0 1175.8265 575.2316 291.452 476.778 3.3422347063366313
