0 601.6316 928.8319 256.4094 281.3426 -55.62253229215061
0 307.1224 966.949 166.1581 174.2225 88.32673517897445
0 376.083 589.7245 139.8004 153.6283 25.210142985756224
0 584.5474 610.1638 195.6213 297.4668 -17.188751454018586
0 1004.9095 329.5302 142.0897 287.8352 -3.437764370878824
0 1193.1598 192.3596 127.1833 160.8585 5.729577951308232
0 1359.9652 272.6675 143.0632 208.2169 20.626480624709636
0 1410.8432 356.4496 167.0123 244.1861 21.24504698420742
0 1412.4825 553.1458 181.3937 212.7203 -90.0
0 1607.2366 553.369 167.4561 302.039 51.03885233101016
0 943.4393 191.5209 110.0373 159.6378 -8.639993091423094
0 1154.4428 481.6027 262.2259 418.6942 5.729577951308232
