0 593.1967 1041.6001 244.0352 372.0839 34.37746770784939
0 322.2077 990.9202 148.4963 203.1047 48.219689519816825
0 372.2065 564.5817 165.9952 186.451 30.939720937064454
0 597.8012 609.3241 180.5366 313.919 -17.188751454018586
0 1159.2796 1414.5045 303.7202 492.0022 -22.918329405326745
0 932.9015 392.8208 196.4873 463.3723 -8.021426731925374
0 1592.8953 886.7193 231.6146 496.0101 78.54082649728974
0 1414.4825 549.1458 181.3937 212.7203 -90.0
0 1402.6427 369.3251 143.9214 235.1735 8.067017696198434
0 881.6841 187.0377 126.4568 163.0297 -8.639993091423094
0 1098.8742 418.1416 177.9739 450.0964 5.729577951308232
