0 581.9708 1035.3177 241.3473 310.7617 4.0563131302826605
0 334.1413 928.9057 148.5345 156.1134 88.32673517897445
0 348.0646 621.3449 129.2862 163.1925 19.48056503444799
0 598.4776 602.6552 182.282 296.8639 -22.918329405326745
0 1247.9601 220.8583 120.5203 129.111 -81.40563307303765
0 1612.9153 532.1448 197.0699 299.5562 52.13915935690492
0 1499.5757 804.418 193.0739 370.6422 84.2704044485979
0 1418.8577 550.2361 178.994 205.0774 84.2704044485979
0 1414.1469 426.8183 134.191 159.2907 -13.178046888102756
0 974.7245 246.211 115.7995 199.2611 -2.9104151401148783
0 1735.3577 1181.1399 203.8542 357.0777 -77.34931994275496
