0 614.2406 936.6654 266.4655 269.4765 -55.62253229215061
0 320.992 1022.8011 178.3732 240.7857 53.94926747112507
0 366.9826 607.1458 165.4164 169.1776 25.210142985756224
0 600.9933 602.1746 170.2119 302.1452 -17.188751454018586
0 1681.0541 1198.3346 156.8983 260.4636 -77.92227773788579
0 1249.9272 1437.4157 310.4275 520.4017 -19.09859167252813
0 1355.3339 274.3817 121.9019 264.9029 20.626480624709636
0 1661.4179 817.4932 184.9924 310.4479 -72.8112661460753
0 1412.4825 553.1458 181.3937 212.7203 -90.0
0 1577.0776 806.9637 193.0816 476.0868 71.09237516058897
0 814.4385 206.4233 157.1974 204.4613 -14.369571042731309
0 1492.8064 1065.4794 290.3746 467.8076 -90.0
