0 581.3333 1039.3621 242.0469 318.9205 4.0563131302826605
0 329.6413 934.9057 146.7668 160.2666 -1.6732648210255547
0 348.0646 621.3449 129.2862 163.1925 19.48056503444799
0 595.2776 604.1552 189.3451 297.1348 -22.918329405326745
0 1239.1979 197.8773 129.078 161.8921 5.729577951308232
0 894.1758 1495.4295 362.5057 539.6348 -0.6185839595915752
0 1500.0757 808.9181 184.0191 370.7386 84.2704044485979
0 1418.8577 550.2361 178.994 205.0774 84.2704044485979
0 1471.014 472.972 145.729 231.9143 88.28110901451367
0 916.9255 222.9081 120.8523 234.0317 -12.077739862208034
0 1356.6319 1103.6768 356.0209 429.6931 -80.21410891840912
