0 1475.9009 1362.9711 210.7277 478.3414 -44.163376389534136
0 317.49 992.2813 142.0059 210.9579 65.40842337374147
0 331.4494 648.4493 148.3849 153.2576 19.48056503444799
0 601.8483 609.3494 172.819 316.3594 -17.188751454018586
0 673.3862 1396.8947 275.9885 534.1234 45.83662361046586
0 1315.1925 255.197 132.2823 256.851 9.167324722093172
0 1530.9494 802.4494 170.4317 354.7873 84.2704044485979
0 1425.6328 551.8236 180.7453 204.4326 84.2704044485979
0 1429.7176 431.0745 141.0015 159.3724 71.09237516058897
0 830.4493 211.9494 139.5177 166.8526 -8.639993091423094
0 1048.8652 396.434 221.6209 417.2404 -5.729595551402099
