0 580.4775 1039.875 244.2437 291.8595 4.0563131302826605
0 327.4318 931.6421 142.5402 153.6132 -1.6732648210255547
0 346.8975 634.1093 132.0336 175.8168 25.210142985756224
0 582.7086 617.1355 173.6887 297.5088 -22.918329405326745
0 1123.8942 610.0301 311.1118 538.1079 17.761691649055518
0 1534.0257 1340.0406 263.365 495.4535 -50.511538300433955
0 1532.2495 790.3211 179.6189 347.1287 84.2704044485979
0 1416.8577 552.2361 178.994 205.0774 84.2704044485979
0 1391.1093 406.053 156.3255 156.6491 65.36279720928076
0 1119.1534 221.327 122.7791 235.7095 2.6281959780762634
0 1651.3345 1009.3443 242.8359 441.7162 86.7988286266991
