0 581.9708 1035.3177 241.3473 310.7617 4.0563131302826605
0 321.3685 935.5965 158.5679 179.2971 -1.6732648210255547
0 340.9708 648.3176 132.1722 149.5736 19.48056503444799
0 599.3081 601.418 184.4671 294.2837 -22.918329405326745
0 1209.4844 222.4822 111.9745 123.0337 5.729577951308232
0 1351.4502 315.9556 124.5928 147.822 11.459155902616464
0 1492.099 809.3633 192.0713 361.7444 84.2704044485979
0 1419.2371 553.9556 171.5164 205.0651 84.2704044485979
0 1447.0769 407.4244 188.8572 192.4023 52.75772571640266
0 983.8092 244.0778 122.0758 197.3109 -2.9104151401148783
