0 601.6316 928.8319 256.4094 281.3426 -55.62253229215061
0 320.992 1022.8011 178.3732 240.7857 53.94926747112507
0 361.6297 615.6749 165.2311 185.4663 25.210142985756224
0 600.9933 602.1746 170.2119 302.1452 -17.188751454018586
0 1691.4943 1089.5088 159.1997 337.3675 -83.65185568919406
0 1482.1388 1362.3315 246.2687 483.6896 -46.98255680082133
0 1297.9651 230.7308 160.8863 229.8487 14.896902673401405
0 1661.1673 810.053 167.6331 286.0906 -55.62253229215061
0 1412.4825 553.1458 181.3937 212.7203 -90.0
0 1579.3217 815.3663 182.5581 475.3487 71.09237516058897
0 826.0782 199.317 163.4084 193.5665 -14.369571042731309
0 1107.786 651.9497 350.7406 539.093 -4.0107221660096
