0 578.4494 1040.9494 241.2473 287.786 4.0563131302826605
0 327.4318 931.6421 142.5402 153.6132 -1.6732648210255547
0 344.366 632.1565 132.2114 184.0287 21.772396214971284
0 580.1596 617.3271 195.2237 298.3742 -22.918329405326745
0 1084.0229 253.6338 145.5202 285.0753 -2.2918487806171015
0 1535.3656 1340.8143 214.631 502.3064 -50.511538300433955
0 1529.7688 795.5281 189.4475 341.1523 84.2704044485979
0 1418.0577 555.8361 178.994 205.0774 84.2704044485979
0 1433.7687 424.7554 131.1274 172.894 65.36279720928076
0 892.2954 238.2471 132.5292 239.2529 -12.077739862208034
0 1799.8846 1192.5433 133.8303 273.767 -73.33861537683919
