0 582.9155 1031.6037 235.8478 313.6423 34.37746770784939
0 327.1724 892.899 156.5 161.7 0.0
0 385.2447 578.3134 141.6057 182.8275 25.210142985756224
0 582.3225 614.949 178.0659 292.7687 -22.918329405326745
0 961.9835 229.4127 115.7631 163.2539 -7.448468936794541
0 1146.8224 196.4999 135.0 185.3019 4.010704565915763
0 1401.431 309.3643 138.7093 252.0034 32.0856365273261
0 1496.7516 491.9827 210.4137 237.1522 72.81124854598141
0 1408.6224 555.449 180.0 213.0 -90.0
0 1623.9808 714.7931 154.0487 221.7102 72.81124854598141
0 1039.648 744.4862 351.8806 411.1855 -10.358866476815592
0 1104.6224 442.449 257.0 316.0 0.0
