0 601.6316 928.8319 256.4094 281.3426 -55.62253229215061
0 313.8268 1037.0679 158.6956 216.9846 53.94926747112507
0 376.083 589.7245 139.8004 153.6283 25.210142985756224
0 600.9933 602.1746 170.2119 302.1452 -17.188751454018586
0 1106.153 596.3518 195.0634 386.8489 -2.2918487806171015
0 1178.7529 189.9939 131.0757 163.9942 5.729577951308232
0 1332.5421 292.0811 135.8448 230.5474 20.626480624709636
0 1482.339 385.5818 167.7488 216.7563 26.97462493551558
0 1412.4825 553.1458 181.3937 212.7203 -90.0
0 1636.044 752.2242 200.3497 365.1428 71.09237516058897
0 971.822 217.3136 119.9043 220.6683 -2.9104151401148783
0 1385.1011 1072.9407 346.4266 512.7781 -80.83267527790683
