0 584.8327 954.1044 280.1731 323.3614 -55.62253229215061
0 306.0224 898.049 151.2 157.8 -90.0
0 386.7225 592.649 139.3199 140.7479 -64.78985701424378
0 582.1224 623.949 172.1806 314.7996 -22.918329405326745
0 851.7613 236.2021 121.928 146.4103 -10.084074794396315
0 1094.0807 192.0999 124.0834 187.3019 0.0
0 1401.431 309.3643 138.7093 252.0034 32.0856365273261
0 1494.3516 492.3827 209.7595 232.3302 72.81124854598141
0 1417.1224 556.449 178.0 196.0 -90.0
0 1626.0048 702.707 140.0701 225.7099 72.81124854598141
0 1565.1224 879.949 207.2353 443.0424 68.8005439800657
0 1106.8224 425.449 267.8 348.4 0.0
