0 579.8296 1034.581 245.7232 309.5949 4.0563131302826605
0 334.1413 928.9057 148.5345 156.1134 88.32673517897445
0 348.0646 621.3449 129.2862 163.1925 19.48056503444799
0 598.4776 602.6552 182.282 296.8639 -22.918329405326745
0 1229.1979 197.8773 129.078 161.8921 11.459155902616464
0 1451.3237 1407.6662 296.4833 490.5962 -67.70027215435864
0 1500.0757 808.9181 184.0191 370.7386 84.2704044485979
0 1418.8577 550.2361 178.994 205.0774 84.2704044485979
0 1467.3102 473.2409 145.4137 224.494 88.28110901451367
0 969.5482 244.9883 132.3303 193.3138 -2.9104151401148783
0 1346.8949 1075.0331 321.2749 417.8866 -78.7817144305821
