0 602.2316 917.3319 269.3461 276.0698 34.37746770784939
0 304.2224 914.549 153.0 155.0 0.0
0 362.2724 589.5636 154.7654 154.9585 -70.51943496555201
0 610.4381 603.7422 151.6846 245.1905 -17.188751454018586
0 910.3359 249.6219 109.0536 188.4702 -10.886215707579481
0 1130.8224 177.9999 113.4 153.9019 0.0
0 1396.331 306.8143 141.6686 250.6719 32.0856365273261
0 1459.4873 448.6311 164.1219 191.5749 72.81124854598141
0 1416.1224 553.449 176.0 198.0 -90.0
0 1623.9808 714.7931 154.0487 221.7102 72.81124854598141
0 1119.3487 635.0925 328.6379 492.7659 1.100289425800895
0 1102.2724 375.549 176.1 346.2 0.0
