0 585.4787 993.4681 248.7958 282.6099 36.66929888837269
0 317.1734 1035.6219 121.1682 207.6161 42.5310207550809
0 327.1067 621.7525 178.6291 196.8699 -60.26360502426931
0 579.3669 609.8997 216.0987 304.1231 -17.188751454018586
0 1734.6218 1173.0703 146.5655 276.5418 -78.05405803076587
0 1523.927 1298.9189 231.2681 454.6724 -66.61403891850682
0 842.7517 464.0557 283.038 472.265 -23.56720410831241
0 1752.1633 645.9279 107.3954 161.7721 22.336359696593036
0 1414.9471 543.8346 182.0805 210.6639 -90.0
0 1582.9987 790.3507 216.2806 415.8811 69.0282947036302
0 809.5474 204.6862 128.5517 175.1787 -19.890764243950485
0 1145.7434 422.253 194.6347 446.5545 1.1459155902616465
