0 1471.9009 1365.9711 210.7277 478.3414 -44.163376389534136
0 317.49 992.2813 142.0059 210.9579 65.40842337374147
0 343.515 662.5151 136.8338 163.9836 16.04281826366305
0 601.8483 609.3494 172.819 316.3594 -17.188751454018586
0 682.6035 1398.913 241.3158 509.8797 45.83662361046586
0 1334.978 299.7207 149.7604 226.246 14.896902673401405
0 1522.9177 803.8817 182.4245 372.1345 84.2704044485979
0 1425.6328 551.8236 180.7453 204.4326 84.2704044485979
0 1430.746 431.7818 143.0062 160.8598 71.09237516058897
0 873.6994 196.7602 126.6386 185.7101 -4.629288525507349
0 1041.7494 392.9494 239.0 416.0 0.0
