0 601.6316 928.8319 256.4094 281.3426 -55.62253229215061
0 313.0212 1023.8353 204.1426 339.5184 84.2704044485979
0 363.5888 612.199 156.8569 166.7905 -70.51943496555201
0 580.1224 608.449 188.5548 263.4902 -17.188751454018586
0 859.1561 222.1007 107.9846 129.7569 -9.167342322186983
0 1121.1224 169.0999 122.0 129.3019 0.0
0 1338.3768 280.7718 137.7103 219.4231 14.896902673401405
0 1457.4446 448.576 179.5378 200.5443 72.81124854598141
0 1416.1224 553.449 176.0 198.0 -90.0
0 1618.2185 718.7089 158.1248 208.386 72.81124854598141
0 993.4615 313.8634 146.7151 368.8335 2.8191628111933653
0 1117.8605 391.8579 157.9898 407.445 5.729577951308232
