0 569.1879 946.9321 260.9826 340.7791 -55.62253229215061
0 310.2224 897.599 150.3 166.2 -90.0
0 385.5225 593.249 139.3199 140.7479 -64.78985701424378
0 582.1224 623.949 172.1806 314.7996 -22.918329405326745
0 847.8009 236.0632 120.2858 144.5256 -9.396525440239373
0 1094.0807 192.0999 124.0834 187.3019 0.0
0 1401.431 309.3643 138.7093 252.0034 32.0856365273261
0 1496.1516 492.0827 210.2501 235.9467 72.81124854598141
0 1417.1224 556.449 178.0 196.0 -90.0
0 1626.0048 702.707 140.0701 225.7099 72.81124854598141
0 1565.1224 879.949 207.2353 443.0424 68.8005439800657
0 1108.9224 418.699 267.2 363.1 0.0
