0 317.9106 1029.4869 128.8959 179.6483 49.89293674074855
0 344.4802 643.3794 133.4548 146.2186 32.70420288682379
0 547.9722 545.8692 156.5026 230.9925 61.35209264336498
0 578.6304 1084.913 190.8936 259.547 34.37746770784939
0 1565.4261 788.9249 204.2585 240.6873 83.12448885833629
0 1408.3831 548.7707 180.4053 182.4165 84.2704044485979
0 1321.1304 325.413 145.3782 147.8181 -88.32675277906829
0 1188.6949 227.791 82.2483 110.3841 -6.875511141663708
0 972.0055 226.1631 111.75 151.5 -1.7600093883629597e-05
0 908.3505 973.8663 304.2762 380.9793 20.00789666511804
