0 601.6316 928.8319 256.4094 281.3426 -55.62253229215061
0 317.4458 1018.662 239.568 340.5378 84.2704044485979
0 363.5888 612.199 156.8569 166.7905 -70.51943496555201
0 580.1224 608.449 188.5548 263.4902 -17.188751454018586
0 859.1561 222.1007 107.9846 129.7569 -9.167342322186983
0 1122.9224 168.7999 125.6 129.9019 0.0
0 1342.7268 281.8218 144.0355 229.4875 14.896902673401405
0 1442.2411 440.501 174.0624 186.663 69.37350177519647
0 1416.1224 553.449 176.0 198.0 -90.0
0 1618.2185 718.7089 158.1248 208.386 72.81124854598141
0 996.5455 284.4157 148.4826 324.1908 1.100289425800895
0 1112.2006 394.0882 168.8699 413.1056 4.010704565915763
