0 601.6316 928.8319 256.4094 281.3426 -55.62253229215061
0 309.645 904.0368 143.6445 149.7626 -84.27042204869177
0 371.5042 597.0205 165.4616 166.0257 -70.51943496555201
0 600.4381 603.7422 151.6846 245.1905 -17.188751454018586
0 892.653 221.3082 107.5977 149.0016 -3.437764370878824
0 1122.1224 161.0999 117.3019 120.0 -90.0
0 1327.7864 290.185 192.2344 211.1491 14.896902673401405
0 1459.1756 455.0915 166.0657 195.7106 72.81124854598141
0 1416.1224 553.449 176.0 198.0 -90.0
0 1618.2185 718.7089 158.1248 208.386 72.81124854598141
0 1116.3211 511.3258 279.6659 486.43 1.100289425800895
0 1124.1224 305.449 186.0 238.0 0.0
