0 601.6316 928.8319 256.4094 281.3426 -55.62253229215061
0 575.7883 1269.1217 278.9139 496.4528 72.28391691531135
0 377.3724 581.399 142.2333 142.7102 25.210142985756224
0 574.1719 604.4395 211.8836 260.0898 -17.188751454018586
0 865.9167 247.569 145.4788 182.1209 -10.886215707579481
0 1171.6245 185.4453 146.3746 155.784 5.729577951308232
0 1328.6729 293.5702 130.5054 224.3156 9.167324722093172
0 1431.692 436.2958 145.2566 171.4946 61.35209264336498
0 1409.0224 551.149 171.4 217.8 -90.0
0 1631.1417 714.1863 153.0328 234.6329 76.82195311189724
0 955.9372 218.9126 112.2608 219.5104 -2.9104151401148783
0 1102.025 411.9467 248.1949 395.3954 0.0
