0 602.162 1004.5112 239.6855 241.4012 34.37746770784939
0 332.6224 889.949 153.0 155.0 0.0
0 339.9468 634.4422 138.9449 153.7218 25.210142985756224
0 582.6724 623.4823 172.9102 315.0702 -22.918329405326745
0 812.5474 232.2551 106.0328 143.7474 -12.98708005498571
0 1097.3724 181.5166 138.7 156.0019 0.0
0 1401.431 309.3643 138.7093 252.0034 32.0856365273261
0 1496.7516 491.9827 210.4137 237.1522 72.81124854598141
0 1417.1224 556.449 178.0 196.0 -90.0
0 1626.0649 702.7268 141.1926 226.0468 72.81124854598141
0 1564.9097 915.5754 189.6073 439.0164 73.13594372848206
0 1110.2891 414.7823 268.3333 371.3333 0.0
