0 620.5862 1016.0021 306.9729 321.3565 9.785891081590876
0 324.4318 933.6421 148.6545 149.7901 -1.6732648210255547
0 341.84 636.2387 132.0275 175.5336 25.210142985756224
0 580.1688 622.1508 192.3019 304.7695 -22.918329405326745
0 973.4494 1486.9493 250.5248 523.6051 5.729577951308232
0 1491.5584 1352.6883 223.6515 502.2599 -34.46872003677089
0 1534.2631 791.5718 182.6981 350.886 84.2704044485979
0 1415.9493 557.4494 175.996 221.5364 84.2704044485979
0 1430.4252 430.5893 134.4886 167.4504 71.09237516058897
0 1125.7597 196.7671 127.3314 183.401 8.548740762501609
0 1119.6754 425.5725 165.6074 445.8566 5.729577951308232
