0 1452.9476 1382.4178 259.6565 478.905 -44.163376389534136
0 317.49 992.2813 142.0059 210.9579 65.40842337374147
0 332.4067 638.0066 145.3413 161.6058 19.48056503444799
0 601.8483 609.3494 172.819 316.3594 -17.188751454018586
0 695.7408 1414.5425 239.7356 532.5408 45.83662361046586
0 1292.2779 284.5822 194.3054 246.5447 0.0
0 1534.896 803.3961 173.1036 347.1225 84.2704044485979
0 1425.6328 551.8236 180.7453 204.4326 84.2704044485979
0 1429.7176 431.0745 141.0015 159.3724 71.09237516058897
0 842.8331 206.7709 149.7181 165.7584 -8.639993091423094
0 1048.0119 404.4807 237.745 415.736 -10.313257912448648
