0 581.3333 1039.3621 242.0469 318.9205 4.0563131302826605
0 329.6413 934.9057 146.7668 160.2666 -1.6732648210255547
0 348.0646 621.3449 129.2862 163.1925 19.48056503444799
0 596.9776 603.4052 185.6293 297.0772 -22.918329405326745
0 1229.1979 197.8773 129.078 161.8921 11.459155902616464
0 984.4223 1461.5564 302.1946 518.2716 11.986487533286521
0 1500.0757 808.9181 184.0191 370.7386 84.2704044485979
0 1418.8577 550.2361 178.994 205.0774 84.2704044485979
0 1476.9553 470.5587 150.1971 243.9361 88.28110901451367
0 948.5864 242.3411 144.6942 206.924 -4.629288525507349
0 1356.6319 1103.6768 356.0209 429.6931 -76.20340435249335
