0 601.6316 928.8319 256.4094 281.3426 -55.62253229215061
0 895.4376 901.4827 341.2529 391.1449 86.03490399845111
0 368.1416 598.8995 137.3508 150.9761 25.210142985756224
0 569.7778 607.3204 203.8316 257.1824 -17.188751454018586
0 881.3561 220.5007 107.9846 129.7569 -9.167342322186983
0 1185.6492 181.2719 115.1301 141.0151 9.167324722093172
0 1378.1263 272.8689 147.603 221.0625 14.896902673401405
0 1445.292 431.8958 136.7537 188.7277 61.35209264336498
0 1407.6224 550.449 170.0 215.0 -90.0
0 1618.2185 718.7089 158.1248 208.386 72.81124854598141
0 973.3885 213.5512 135.336 219.6008 -4.056330730376516
0 1103.6224 409.449 235.0 402.0 0.0
