0 580.8838 1030.9617 244.6909 308.0557 4.0563131302826605
0 327.4318 931.6421 142.5402 153.6132 -1.6732648210255547
0 345.566 627.3565 132.2114 184.0287 19.48056503444799
0 597.72 606.7112 186.8365 303.7455 -22.918329405326745
0 1275.7569 215.2175 119.7288 154.7824 17.188733853924695
0 1528.4666 1341.1031 217.8031 512.0931 -50.511538300433955
0 1519.1949 794.7307 185.7495 336.7174 84.2704044485979
0 1418.8577 550.2361 178.994 205.0774 84.2704044485979
0 1480.3197 471.5099 152.6728 230.9141 76.82195311189724
0 919.0623 221.9176 136.6408 233.1411 -2.9104151401148783
0 1294.8228 1022.3506 337.5576 368.1288 49.89293674074855
