0 1305.2522 1302.2745 307.8403 466.4094 -49.66377122279005
0 311.74 989.8092 143.8984 190.2981 88.32673517897445
0 465.2005 455.4324 216.0842 344.2308 33.689918353692406
0 597.8012 609.3241 180.5366 313.919 -17.188751454018586
0 743.5764 1441.635 314.3977 516.582 22.91831180523293
0 1311.2958 232.745 133.8608 184.5061 14.209353319244416
0 1637.7078 953.9245 199.4717 455.8222 79.22837585144669
0 1414.4825 549.1458 181.3937 212.7203 -90.0
0 1438.2528 428.6419 131.3232 169.5235 65.36279720928076
0 858.7818 205.424 130.06 187.2485 -12.994472334417367
0 1070.2294 396.4094 201.92 413.88 0.0
