0 1400.3657 1298.6076 235.754 471.8541 -47.60112316031908
0 319.89 991.6813 142.0059 210.9579 65.40842337374147
0 345.2859 655.7161 139.2977 159.6915 19.48056503444799
0 601.8483 609.3494 172.819 316.3594 -17.188751454018586
0 693.796 1419.296 294.2524 526.7969 45.83662361046586
0 1284.896 277.896 197.0248 224.4072 -2.2918487806171015
0 1538.5368 799.5155 180.0991 339.1024 84.2704044485979
0 1417.6328 551.8236 180.7453 204.4326 84.2704044485979
0 1430.6349 431.9333 138.7821 165.1362 71.09237516058897
0 868.2686 201.5198 125.8248 174.5323 -10.931824271946397
0 1074.1829 402.7089 197.0031 413.3924 -1.7600093883629597e-05
