0 601.6316 928.8319 256.4094 281.3426 -55.62253229215061
0 712.1642 1251.6924 321.3653 560.1752 51.657436290601765
0 384.8724 570.299 140.4162 162.7974 25.210142985756224
0 571.5803 605.5013 217.4628 259.5927 -17.188751454018586
0 866.093 249.1804 155.1591 187.7117 -14.323962478364479
0 1163.8245 183.0453 146.3746 155.784 5.729577951308232
0 1328.6729 293.5702 130.5054 224.3156 9.167324722093172
0 1431.692 436.2958 145.2566 171.4946 61.35209264336498
0 1407.8224 550.549 170.2 215.4 -90.0
0 1627.832 714.6796 152.4842 227.963 76.82195311189724
0 962.2372 218.9126 124.8445 218.8705 -2.9104151401148783
0 1100.525 413.1467 239.1949 390.5954 0.0
