0 1455.4009 1372.3711 244.0551 472.1805 -44.163376389534136
0 320.3235 991.1435 141.8473 209.4393 61.97067660295659
0 332.9943 609.0613 149.2971 230.353 -75.1030973265986
0 601.8483 609.3494 172.819 316.3594 -17.188751454018586
0 787.7449 1457.1831 302.1363 500.7096 14.896902673401405
0 1341.1434 290.2881 147.9629 198.7184 8.021409131831525
0 1507.9298 807.9479 236.8952 358.1125 78.54082649728974
0 1457.5545 553.8899 173.7626 183.676 77.39491090702802
0 1433.1456 433.4321 147.684 164.3305 71.09237516058897
0 887.9103 227.8391 141.6447 221.217 -7.494077501161456
0 1089.6494 400.7494 239.0 416.0 0.0
