0 601.5658 1001.2996 240.8718 241.797 -55.62253229215061
0 332.6224 889.949 153.0 155.0 0.0
0 340.5346 633.6956 139.0488 151.87 25.210142985756224
0 582.3974 623.7157 172.5454 314.9349 -22.918329405326745
0 808.5495 233.3691 109.1159 142.8769 -13.94197151635069
0 1096.3724 182.6832 138.1 159.4019 0.0
0 1401.431 309.3643 138.7093 252.0034 32.0856365273261
0 1496.7516 491.9827 210.4137 237.1522 72.81124854598141
0 1417.1224 556.449 178.0 196.0 -90.0
0 1626.0348 702.7169 140.6314 225.8783 72.81124854598141
0 1565.7493 909.6026 191.1218 438.3458 72.4006096942112
0 1110.2057 414.9907 268.1667 370.9167 0.0
