0 601.6316 928.8319 256.4094 281.3426 -55.62253229215061
0 333.1286 920.7709 195.0413 223.8461 -86.65988411363082
0 375.7984 589.841 140.2056 153.6345 25.210142985756224
0 584.1484 608.6783 174.7632 287.6605 -17.188751454018586
0 990.6711 274.9937 138.8502 218.4757 -6.0160744489674585
0 1125.4668 181.8253 126.4748 158.0423 5.729577951308232
0 1374.5571 292.1096 159.4714 258.83 20.626480624709636
0 1414.8821 386.109 169.9774 200.2695 42.730964301613255
0 1412.4825 553.1458 181.3937 212.7203 -90.0
0 1579.2598 457.7033 228.1967 236.1835 -32.228893576202665
0 957.8576 208.8958 104.6942 196.6098 -8.639993091423094
0 1123.7801 417.5202 200.7346 422.1425 0.0
