0 581.3333 1039.3621 242.0469 318.9205 4.0563131302826605
0 329.6413 934.9057 146.7668 160.2666 -1.6732648210255547
0 348.0646 621.3449 129.2862 163.1925 19.48056503444799
0 593.4776 605.1552 193.4397 297.575 -22.918329405326745
0 1230.1979 197.8773 129.078 161.8921 10.886198107485642
0 824.9394 1483.3267 297.5576 540.9076 25.16451682129545
0 1500.0757 808.9181 184.0191 370.7386 84.2704044485979
0 1418.8577 550.2361 178.994 205.0774 84.2704044485979
0 1471.2877 467.482 156.6876 232.7908 88.28110901451367
0 940.1033 222.8385 142.0871 239.7653 -9.212950886553926
0 1356.6319 1103.6768 356.0209 429.6931 -80.21410891840912
