0 580.6472 1037.9181 243.62 316.1367 4.0563131302826605
0 317.485 953.2406 156.1808 166.0007 -88.80847584537145
0 340.9708 648.3176 132.1722 149.5736 19.48056503444799
0 599.3081 601.418 184.4671 294.2837 -22.918329405326745
0 1209.4844 222.4822 111.9745 123.0337 5.729577951308232
0 1332.6031 313.881 158.7431 160.4695 -69.37351937529036
0 1500.099 806.8633 188.6937 378.1636 84.2704044485979
0 1419.2371 553.9556 171.5164 205.0651 84.2704044485979
0 1726.3272 1025.3788 248.581 380.4746 -88.85408440973835
0 986.3244 243.0334 127.206 195.4802 -2.9104151401148783
