0 609.197 933.532 262.4431 274.223 -55.62253229215061
0 320.992 1022.8011 178.3732 240.7857 53.94926747112507
0 364.0324 614.0587 165.967 184.1997 25.210142985756224
0 600.9933 602.1746 170.2119 302.1452 -17.188751454018586
0 1696.1347 1118.1034 160.1131 290.4834 -81.36002450867073
0 1339.4866 1422.216 268.385 503.2623 -26.356076176111742
0 1330.7339 266.5817 121.9019 264.9029 17.188733853924695
0 1658.012 812.5341 170.3841 295.1083 -62.49802583372049
0 1412.4825 553.1458 181.3937 212.7203 -90.0
0 1577.0776 806.9637 193.0816 476.0868 71.09237516058897
0 814.4385 206.4233 157.1974 204.4613 -14.369571042731309
0 1315.0657 1071.4504 273.3857 410.705 69.37350177519647
