0 1452.4976 1381.1678 257.2732 477.4559 -44.163376389534136
0 317.49 992.2813 142.0059 210.9579 65.40842337374147
0 332.4121 638.562 145.7217 160.5623 19.48056503444799
0 601.8483 609.3494 172.819 316.3594 -17.188751454018586
0 694.6898 1413.3923 248.2112 531.7087 45.83662361046586
0 1295.8231 282.1524 192.7753 246.0651 1.1459155902616465
0 1534.896 803.3961 173.1036 347.1225 84.2704044485979
0 1425.6328 551.8236 180.7453 204.4326 84.2704044485979
0 1429.7176 431.0745 141.0015 159.3724 71.09237516058897
0 839.841 207.599 151.3529 165.9715 -8.639993091423094
0 1049.1119 403.2807 237.745 415.736 -9.740300117317872
