0 602.7802 1065.2998 200.1773 394.1061 34.37746770784939
0 314.1224 906.449 132.0 156.0 0.0
0 379.5855 593.8736 127.9156 151.3728 19.48056503444799
0 588.6889 632.2472 166.8458 316.3487 -22.918329405326745
0 942.6224 274.949 129.0 129.0 0.0
0 1223.8641 201.7416 149.1515 177.8932 11.459155902616464
0 1363.7932 291.199 150.9752 273.8497 20.05352282957881
0 1481.1225 475.949 196.4307 232.3273 72.81124854598141
0 1428.1224 552.849 185.2 218.0 -90.0
0 1619.9246 710.2333 196.7161 208.5305 72.81124854598141
0 1543.5731 966.4873 223.4433 468.4451 80.08781254414293
0 1104.1224 440.949 258.0 323.0 0.0
