0 599.5787 949.8098 307.0137 369.458 -57.9143634726739
0 311.74 989.8092 143.8984 190.2981 88.32673517897445
0 373.3308 566.9685 197.6721 209.6375 30.939720937064454
0 597.8012 609.3241 180.5366 313.919 -17.188751454018586
0 865.144 1469.6383 295.6417 532.5305 18.334649444186343
0 1027.8888 294.3664 179.1118 374.2515 -1.7188909854863255
0 1580.8828 926.8443 220.4013 438.5523 84.2704044485979
0 1414.4825 549.1458 181.3937 212.7203 -90.0
0 1430.0379 408.815 171.1202 173.3881 -24.637202790719243
0 882.1418 200.144 130.06 187.2485 -2.9104151401148783
0 1101.8994 411.3494 215.1001 443.6 5.156620156177409
