0 543.3959 963.939 216.079 441.6522 -61.35211024345884
0 325.5406 923.7627 163.595 166.3196 88.32673517897445
0 337.5346 652.5034 138.0924 159.9992 25.210142985756224
0 576.5466 617.4389 223.4418 317.177 -17.188751454018586
0 969.1862 1483.8283 269.3229 508.0487 -6.875511141663708
0 1330.7143 272.8927 175.1039 247.8495 12.605071492878112
0 1539.3368 797.9155 180.0991 339.1024 84.2704044485979
0 1415.9493 557.4494 175.996 221.5364 84.2704044485979
0 1434.8252 431.5893 134.4886 167.4504 71.09237516058897
0 965.1121 220.2 131.3387 242.1449 -2.9104151401148783
0 1130.096 427.181 169.8933 433.9366 -1.7600093883629597e-05
