0 581.9708 1035.3177 241.3473 310.7617 4.0563131302826605
0 322.8518 948.805 156.8557 157.5466 88.32673517897445
0 340.9708 648.3176 132.1722 149.5736 19.48056503444799
0 599.3081 601.418 184.4671 294.2837 -22.918329405326745
0 1209.4844 222.4822 111.9745 123.0337 5.729577951308232
0 1334.5788 314.4929 145.9277 155.2486 17.761691649055518
0 1496.099 808.1133 190.3825 369.954 84.2704044485979
0 1419.2371 553.9556 171.5164 205.0651 84.2704044485979
0 1528.2801 452.7797 180.5028 216.8103 39.579696428393675
0 985.4009 243.8114 125.2823 196.9404 -2.9104151401148783
