0 601.6316 928.8319 256.4094 281.3426 -55.62253229215061
0 326.62 1029.1225 159.5271 360.5546 82.59715722766623
0 364.699 594.3846 153.875 156.0069 -64.78985701424378
0 584.1484 608.6783 174.7632 287.6605 -17.188751454018586
0 939.5212 248.226 128.1409 193.6552 -3.437764370878824
0 1137.1668 185.7253 126.4748 158.0423 5.729577951308232
0 1369.5435 294.5 141.9332 256.0956 20.626480624709636
0 1408.6525 416.0713 157.5034 166.7002 72.81124854598141
0 1412.4825 553.1458 181.3937 212.7203 -90.0
0 1629.4273 566.7116 256.3484 290.112 71.09237516058897
0 952.9826 160.1458 98.7515 99.6865 81.36000690857689
0 1077.7301 397.7202 180.7846 430.5425 0.0
