0 546.0067 964.2572 220.7745 470.678 -61.35211024345884
0 324.3101 931.1324 148.8461 166.2111 88.32673517897445
0 337.5346 652.5034 138.0924 159.9992 25.210142985756224
0 576.5466 617.4389 223.4418 317.177 -17.188751454018586
0 923.1966 1486.4546 247.4548 513.0833 -1.7188909854863255
0 1310.5968 269.9506 184.4752 247.7645 5.729577951308232
0 1538.7368 799.1155 180.0991 339.1024 84.2704044485979
0 1415.9493 557.4494 175.996 221.5364 84.2704044485979
0 1433.0252 433.0893 134.4886 167.4504 71.09237516058897
0 963.9121 220.2 131.3387 242.1449 -2.9104151401148783
0 1129.196 426.281 169.8933 433.9366 -1.7600093883629597e-05
