0 587.1266 975.2715 325.5315 476.9652 -64.21689921911295
0 316.9 956.589 150.956 165.3797 88.32673517897445
0 337.5346 652.5034 138.0924 159.9992 25.210142985756224
0 588.6974 613.8942 198.1304 316.7682 -17.188751454018586
0 883.8107 1474.7022 240.0536 492.0174 5.729577951308232
0 1294.3935 273.433 192.3119 236.0716 0.5729577951308232
0 1538.5368 799.5155 180.0991 339.1024 84.2704044485979
0 1418.6882 558.2388 173.8782 216.2436 84.2704044485979
0 1432.4252 433.5893 134.4886 167.4504 71.09237516058897
0 962.7308 221.0747 129.6892 240.477 -2.9104151401148783
0 1121.896 425.981 169.8933 433.9366 -1.7600093883629597e-05
