0 1467.4009 1365.6711 216.7658 471.6406 -44.163376389534136
0 317.49 992.2813 142.0059 210.9579 65.40842337374147
0 318.0708 675.9873 179.23 194.573 -81.97859086816848
0 601.8483 609.3494 172.819 316.3594 -17.188751454018586
0 751.5644 1435.3754 284.9008 500.8963 25.210142985756224
0 1334.6827 304.6209 147.8117 216.6232 14.896902673401405
0 1510.2436 804.4432 222.7444 381.4196 80.83265767781302
0 1425.6328 551.8236 180.7453 204.4326 84.2704044485979
0 1433.1456 433.4321 147.684 164.3305 71.09237516058897
0 854.2046 221.1433 135.7235 205.8697 -12.077739862208034
0 1065.6494 398.3494 239.0 416.0 0.0
