0 582.5338 1034.7263 250.2365 300.0064 4.0563131302826605
0 324.4318 933.6421 148.6545 149.7901 -1.6732648210255547
0 346.34 634.4387 132.0275 175.5336 25.210142985756224
0 576.5546 620.0404 187.2877 298.067 -22.918329405326745
0 960.236 1408.3798 275.8818 505.0258 16.615776058793873
0 1528.561 1349.7305 209.9659 511.6909 -50.511538300433955
0 1531.3828 795.4645 175.5267 344.377 84.2704044485979
0 1420.6116 537.1521 209.4751 217.4901 84.2704044485979
0 1430.4252 430.5893 134.4886 167.4504 71.09237516058897
0 1123.0195 199.8129 123.5588 192.5181 2.8191628111933653
0 1181.9183 446.776 202.3832 448.9454 11.459155902616464
