0 587.3338 1030.7263 259.2466 308.6654 4.0563131302826605
0 324.4318 933.6421 148.6545 149.7901 -1.6732648210255547
0 341.84 636.2387 132.0275 175.5336 25.210142985756224
0 576.5546 620.0404 187.2877 298.067 -22.918329405326745
0 938.186 1475.9233 284.219 525.6376 11.459155902616464
0 1544.0262 1334.2477 221.3697 514.2595 -50.511538300433955
0 1533.687 792.3503 181.2638 349.5842 84.2704044485979
0 1413.896 558.8961 178.4649 217.1615 84.2704044485979
0 1430.4252 430.5893 134.4886 167.4504 71.09237516058897
0 1122.1597 194.3671 127.3314 183.401 7.402825172239943
0 1133.9452 432.5204 163.7859 446.3365 6.875493541569878
