0 582.5338 1034.7263 250.2365 300.0064 4.0563131302826605
0 326.9318 931.9754 143.5593 152.976 -1.6732648210255547
0 346.84 634.2387 132.0275 175.5336 25.210142985756224
0 576.5546 620.0404 187.2877 298.067 -22.918329405326745
0 1006.9805 1314.252 332.5274 340.7948 12.414104659761007
0 1527.261 1351.2305 209.9659 511.6909 -50.511538300433955
0 1539.0814 793.9437 174.0375 360.0009 84.2704044485979
0 1417.6077 549.3194 184.6484 207.1523 84.2704044485979
0 1435.053 433.9671 125.0984 174.0175 71.09237516058897
0 1123.2039 200.3291 123.1396 193.5312 2.8191628111933653
0 1157.1759 489.7271 312.6227 424.1983 -2.8648065757479912
