0 588.1154 993.8107 241.3088 286.6359 38.96113006889598
0 317.5097 1029.7835 114.0261 213.1204 42.57192994165325
0 332.9224 617.4884 175.6846 189.9849 -60.62783429463397
0 579.1825 609.9196 216.4628 304.0523 -17.188751454018586
0 1725.3559 1175.6027 150.0683 285.6889 -78.35360036606022
0 1523.3718 1300.1307 225.1928 454.8266 -65.05181219430312
0 856.2873 457.4957 259.4756 472.9844 -22.560918332724214
0 1764.7763 675.0624 102.4325 176.0288 22.47278094761367
0 1414.8662 546.3417 182.7673 208.6075 -90.0
0 1584.7236 793.0857 215.7813 416.1464 69.80012614945093
0 806.4063 198.6335 128.612 159.107 -19.942846107527885
0 1143.3633 424.2079 192.8301 445.3922 2.291831180523293
