0 1022.9747 1186.2633 351.089 354.7046 -76.24901291686024
0 311.74 989.8092 143.8984 190.2981 88.32673517897445
0 416.9276 496.441 202.7415 324.2065 30.939720937064454
0 597.8012 609.3241 180.5366 313.919 -17.188751454018586
0 743.5764 1441.635 314.3977 516.582 22.91831180523293
0 1242.7936 206.1851 133.9266 166.5666 10.886198107485642
0 1632.711 929.8279 215.8541 434.4357 78.54082649728974
0 1414.4825 549.1458 181.3937 212.7203 -90.0
0 1416.8282 422.4169 135.7653 159.6743 -24.637202790719243
0 877.1418 201.244 130.06 187.2485 -6.348161910899819
0 1060.4494 395.8994 211.2 413.3 0.0
