0 1471.9009 1365.9711 210.7277 478.3414 -44.163376389534136
0 317.49 992.2813 142.0059 210.9579 65.40842337374147
0 342.2164 667.7737 139.4895 166.1021 14.896902673401405
0 601.8483 609.3494 172.819 316.3594 -17.188751454018586
0 683.8035 1399.213 241.3158 509.8797 45.83662361046586
0 1334.9358 300.4207 149.482 224.8713 14.896902673401405
0 1520.2405 804.3592 186.4221 377.9169 84.2704044485979
0 1425.6328 551.8236 180.7453 204.4326 84.2704044485979
0 1431.0888 432.0175 143.6745 161.3556 71.09237516058897
0 869.7994 197.4602 126.6386 185.7101 -5.202246320638153
0 1042.8494 392.9494 239.0 416.0 0.0
