0 598.7802 1066.2998 200.1773 394.1061 34.37746770784939
0 326.1224 882.449 140.0 168.0 0.0
0 380.5855 588.4736 127.9156 151.3728 19.48056503444799
0 576.5264 637.2608 193.1553 316.1117 -22.918329405326745
0 942.6224 274.949 129.0 129.0 0.0
0 1179.5357 194.141 126.9458 168.9013 5.729577951308232
0 1375.9441 298.2529 158.4969 268.6852 21.772396214971284
0 1483.1225 481.949 191.7024 217.0419 72.81124854598141
0 1417.1224 556.449 178.0 196.0 -90.0
0 1620.1224 727.449 155.1405 221.2316 78.54082649728974
0 1578.2296 1028.6054 220.0883 478.5899 86.56223562912118
0 1090.6224 439.949 245.0 321.0 0.0
