0 578.4494 1040.9494 241.2473 287.786 4.0563131302826605
0 327.4318 931.6421 142.5402 153.6132 -1.6732648210255547
0 347.1852 633.4623 132.0643 177.2326 25.210142985756224
0 582.8596 618.1271 174.1829 299.453 -22.918329405326745
0 1125.6667 567.7327 295.0471 568.387 14.896902673401405
0 1534.0257 1340.0406 263.365 495.4535 -50.511538300433955
0 1532.2338 789.4794 181.2971 347.2655 84.2704044485979
0 1416.8577 552.2361 178.994 205.0774 84.2704044485979
0 1386.0126 409.0767 157.0232 167.963 65.36279720928076
0 1109.401 225.8162 121.8736 245.4014 1.673247220931728
0 1684.6663 1015.4674 228.0558 416.5908 84.8889884081895
