0 601.6316 928.8319 256.4094 281.3426 -55.62253229215061
0 1124.5391 661.2145 379.7839 568.4642 4.629270925413493
0 368.1416 598.8995 137.3508 150.9761 25.210142985756224
0 574.0327 601.0495 191.9955 266.6492 -17.188751454018586
0 867.0561 220.3007 107.9846 129.7569 -9.167342322186983
0 1156.6033 177.0142 127.2383 134.7305 0.0
0 1348.8061 288.6806 118.7889 199.3001 14.896902673401405
0 1435.692 432.0958 145.6077 171.6864 61.35209264336498
0 1407.6224 550.449 170.0 215.0 -90.0
0 1620.9185 716.9089 156.2815 214.6087 72.81124854598141
0 966.3555 207.5501 112.5635 224.7692 -3.483372935245683
0 1086.2882 398.0796 237.7362 379.4215 5.156620156177409
