0 598.7802 1066.2998 200.1773 394.1061 34.37746770784939
0 315.3224 906.849 139.2 150.4 -90.0
0 389.1225 591.449 139.3199 140.7479 -64.78985701424378
0 592.992 623.9411 174.9751 325.7363 -22.918329405326745
0 942.6224 274.949 129.0 129.0 0.0
0 1129.288 193.8235 116.498 178.6548 3.437746770784939
0 1401.431 309.3643 138.7093 252.0034 32.0856365273261
0 1497.5858 489.0447 205.2931 240.4825 72.81124854598141
0 1417.1224 556.449 178.0 196.0 -90.0
0 1614.9048 706.307 148.1236 209.1503 72.81124854598141
0 1565.1224 879.949 207.2353 443.0424 68.8005439800657
0 1101.4224 439.249 266.6 319.6 0.0
