0 601.6316 928.8319 256.4094 281.3426 -55.62253229215061
0 282.7725 902.449 166.4365 190.2666 -84.27042204869177
0 370.8882 597.3903 163.7767 168.1244 19.48056503444799
0 608.4381 601.7422 151.6846 245.1905 -17.188751454018586
0 913.9204 219.375 132.7822 135.734 -3.437764370878824
0 1122.1224 161.0999 117.3019 120.0 -90.0
0 1333.7768 287.4718 132.2644 204.1084 14.896902673401405
0 1459.7063 453.3468 169.0855 199.0428 72.81124854598141
0 1416.1224 553.449 176.0 198.0 -90.0
0 1618.2185 718.7089 158.1248 208.386 72.81124854598141
0 946.0227 432.5837 240.175 467.7251 -12.650697657338867
0 1123.1224 391.449 190.0 418.0 0.0
