0 601.6316 928.8319 256.4094 281.3426 -55.62253229215061
0 310.3351 1029.9757 175.5338 214.2833 53.94926747112507
0 376.083 589.7245 139.8004 153.6283 25.210142985756224
0 600.9933 602.1746 170.2119 302.1452 -17.188751454018586
0 1289.5288 1111.506 253.2675 392.2374 -63.884811757180614
0 1105.8271 228.5644 134.328 238.7552 0.8594366926962348
0 1365.6256 295.6112 141.9972 256.5144 25.49662188332163
0 1582.0423 478.0443 164.9545 257.4354 32.99068178438927
0 1412.4825 553.1458 181.3937 212.7203 -90.0
0 1586.9186 817.1461 188.2873 447.1248 66.222233901977
0 955.4961 222.3714 126.44 238.3303 -3.483372935245683
0 1667.4365 1053.8601 204.337 416.4907 81.11913657537838
