0 609.5014 976.7026 247.3428 286.861 34.37746770784939
0 322.4257 994.3061 149.6165 205.4197 48.219689519816825
0 319.1034 633.9017 157.3158 220.3573 -65.3628148093746
0 596.3059 609.5266 183.5133 313.4222 -17.188751454018586
0 1412.6279 1374.2113 271.1988 486.6566 -36.66931648846656
0 878.2013 447.9579 236.0036 478.3431 -14.896920273495255
0 1632.7392 925.392 218.5534 428.3042 83.12448885833629
0 1414.4825 549.1458 181.3937 212.7203 -90.0
0 1418.0089 340.5671 142.6135 234.2751 19.52617359881492
0 882.8026 197.757 138.891 190.0296 -8.639993091423094
0 1135.5494 424.7494 215.0001 447.0 -1.7600093883629597e-05
