0 595.9949 993.9628 220.4509 296.1279 45.83662361046586
0 316.3942 1013.6464 94.9648 224.0888 42.89937532157049
0 353.4245 606.9821 160.2312 170.1042 28.165917659277117
0 579.0578 611.6904 215.8014 303.777 -17.188751454018586
0 1688.1229 1182.8508 152.6557 321.3788 -78.79987719268769
0 1519.8827 1308.1121 202.1633 455.3731 -59.105656196435405
0 904.0386 429.3998 186.4453 471.6173 -18.966696788088996
0 1800.6559 778.3169 100.3104 224.2082 34.06835810125085
0 1414.3515 552.6022 181.5753 203.6071 -90.0
0 1591.5666 798.0668 209.9087 421.8535 70.71949422751783
0 797.2307 181.8401 113.5583 128.2336 69.90085100596043
0 1135.9285 428.5068 190.4853 442.8072 4.583662361046586
