0 588.5338 1029.7263 261.4991 310.8302 4.0563131302826605
0 324.4318 933.6421 148.6545 149.7901 -1.6732648210255547
0 341.84 636.2387 132.0275 175.5336 25.210142985756224
0 576.5546 620.0404 187.2877 298.067 -22.918329405326745
0 938.4734 1477.8966 285.5665 529.3914 11.459155902616464
0 1544.9675 1333.752 224.2207 514.9016 -50.511538300433955
0 1534.2631 791.5718 182.6981 350.886 84.2704044485979
0 1413.896 558.8961 178.4649 217.1615 84.2704044485979
0 1430.4252 430.5893 134.4886 167.4504 71.09237516058897
0 1122.3597 194.1671 127.3314 183.401 8.548740762501609
0 1126.7452 430.7204 163.7859 446.3365 5.729577951308232
