0 580.3969 1032.9593 244.0021 304.0018 4.0563131302826605
0 327.4318 931.6421 142.5402 153.6132 -1.6732648210255547
0 345.566 627.3565 132.2114 184.0287 19.48056503444799
0 594.213 608.0343 194.3272 303.4514 -22.918329405326745
0 1270.9219 222.0352 121.847 155.8193 17.188733853924695
0 1540.4408 1346.5751 215.6402 511.7992 -50.511538300433955
0 1519.1949 794.7307 185.7495 336.7174 84.2704044485979
0 1418.8577 550.2361 178.994 205.0774 84.2704044485979
0 1455.3746 451.7716 149.0395 209.5928 69.9464595703273
0 919.0623 221.9176 136.6408 233.1411 -2.9104151401148783
0 1564.1882 1050.3277 369.7208 428.9101 89.47265076923611
