0 573.8481 1046.4692 250.2365 300.0064 4.0563131302826605
0 327.4318 931.6421 142.5402 153.6132 -1.6732648210255547
0 346.84 634.2387 132.0275 175.5336 25.210142985756224
0 582.8467 618.0421 174.1405 299.2864 -22.918329405326745
0 955.393 848.9832 386.4753 389.6251 -49.23812087678735
0 1534.0257 1339.4588 263.365 495.4535 -50.511538300433955
0 1535.3115 798.5878 162.5569 351.5713 84.2704044485979
0 1416.8577 552.2361 178.994 205.0774 84.2704044485979
0 1426.7752 436.115 124.7846 157.0067 70.92868111852005
0 1123.2039 200.3291 123.1396 193.5312 2.8191628111933653
0 1469.4621 1085.4681 209.8809 513.8048 -88.17598773532654
