0 598.973 1068.4863 206.7383 354.1165 32.70420288682379
0 324.4318 933.6421 148.6545 149.7901 -1.6732648210255547
0 340.0446 648.8317 139.5065 151.2171 25.210142985756224
0 577.1626 624.2091 227.2457 300.7545 -22.918329405326745
0 953.436 1480.7392 301.4743 522.2841 6.302535746439056
0 1593.9904 474.2963 143.46 272.5908 50.99324376664326
0 1542.0907 796.5408 182.4495 341.99 84.2704044485979
0 1415.9493 557.4494 175.996 221.5364 84.2704044485979
0 1430.4252 430.5893 134.4886 167.4504 71.09237516058897
0 959.6802 224.2201 129.2515 242.2351 -8.639993091423094
0 1118.396 424.981 172.8934 443.9366 5.729577951308232
