0 601.6316 928.8319 256.4094 281.3426 -55.62253229215061
0 764.9902 1185.8528 345.5403 523.8973 45.92785833929355
0 386.1224 567.649 140.1134 166.1453 25.210142985756224
0 570.9452 608.0926 216.5776 255.0171 -17.188751454018586
0 869.5291 243.9794 147.0149 176.8662 -13.751004683233589
0 1171.287 183.9987 142.8285 154.3158 6.875493541569878
0 1332.1058 289.656 129.2411 221.9148 10.313240312354818
0 1431.692 436.2958 145.2566 171.4946 61.35209264336498
0 1407.6224 550.449 170.0 215.0 -90.0
0 1627.2804 715.1618 152.3928 226.8513 76.01981219871408
0 968.0328 217.7713 124.4302 218.774 -2.9104151401148783
0 1101.8445 411.4672 237.6339 387.5545 1.1459155902616465
