0 602.6316 924.8319 264.1414 278.4761 -55.62253229215061
0 310.1224 911.449 153.0 155.0 2.864788975654116
0 365.2724 590.0636 155.8236 160.9485 -70.51943496555201
0 610.4381 603.7422 151.6846 245.1905 -17.188751454018586
0 879.0088 238.5137 112.2419 156.5351 -14.896920273495255
0 1132.1224 166.3499 116.0 125.8019 0.0
0 1357.6119 300.8305 162.4971 247.9303 23.49126960036375
0 1456.6756 450.3915 169.4718 189.437 72.81124854598141
0 1416.1224 553.449 176.0 198.0 -90.0
0 1621.0997 716.751 156.0868 215.0481 72.81124854598141
0 1101.4371 597.5749 297.8932 514.7905 -2.9104151401148783
0 1114.8724 327.949 172.5 271.0 0.0
