0 591.5069 986.0417 238.7526 266.8445 -55.62253229215061
0 331.9224 890.199 153.5333 154.8334 0.0
0 343.4891 630.2823 139.6845 146.4521 25.210142985756224
0 582.1224 623.949 172.1806 314.7996 -22.918329405326745
0 815.3411 235.4708 108.2743 142.3473 -12.98708005498571
0 1093.6044 186.5999 135.7027 170.9686 0.0
0 1401.431 309.3643 138.7093 252.0034 32.0856365273261
0 1496.7516 491.9827 210.4137 237.1522 72.81124854598141
0 1417.1224 556.449 178.0 196.0 -90.0
0 1626.0048 702.707 140.0701 225.7099 72.81124854598141
0 1566.1001 895.7362 197.5026 439.4642 70.7103841985753
0 1109.9558 415.6157 267.6667 369.6667 0.0
