0 601.6316 928.8319 256.4094 281.3426 -55.62253229215061
0 330.3876 970.2598 180.9401 323.5255 -88.80847584537145
0 370.391 592.0545 147.9037 153.7517 25.210142985756224
0 584.1484 608.6783 174.7632 287.6605 -17.188751454018586
0 962.8779 246.5821 135.8291 183.0066 -6.302553346532932
0 1131.1668 183.7253 126.4748 158.0423 5.729577951308232
0 1376.5569 295.6972 155.9043 258.796 20.626480624709636
0 1404.6813 417.1322 157.8234 158.4855 72.81124854598141
0 1412.4825 553.1458 181.3937 212.7203 -90.0
0 1586.2955 488.9409 261.7782 297.4548 -30.36678074202746
0 955.4826 185.1458 102.2545 148.9352 -8.639993091423094
0 1096.2301 405.7202 180.7846 430.5425 0.0
