0 1148.8263 1237.3519 342.1609 436.6098 -62.49802583372049
0 311.74 989.8092 143.8984 190.2981 88.32673517897445
0 430.9059 480.9325 206.3346 331.743 30.939720937064454
0 597.8012 609.3241 180.5366 313.919 -17.188751454018586
0 743.5764 1441.635 314.3977 516.582 22.91831180523293
0 1277.6051 217.192 133.9752 171.3277 12.605071492878112
0 1645.6458 934.2959 192.6862 465.794 78.54082649728974
0 1414.4825 549.1458 181.3937 212.7203 -90.0
0 1427.4782 425.7169 144.7957 152.3749 65.36279720928076
0 868.1418 203.344 130.06 187.2485 -9.78590868168476
0 1064.9494 396.3494 206.4 413.6 0.0
