0 540.7852 963.6208 211.3834 412.6263 -61.35211024345884
0 326.771 916.3929 166.4282 178.344 -1.6732648210255547
0 337.5346 652.5034 138.0924 159.9992 25.210142985756224
0 576.5466 617.4389 223.4418 317.177 -17.188751454018586
0 1015.1759 1481.2019 291.1911 503.014 -12.032131297841147
0 1350.8318 275.8347 165.7325 247.9346 19.48056503444799
0 1539.9368 796.7155 180.0991 339.1024 84.2704044485979
0 1415.9493 557.4494 175.996 221.5364 84.2704044485979
0 1436.6252 430.0893 134.4886 167.4504 71.09237516058897
0 966.3121 220.2 131.3387 242.1449 -2.9104151401148783
0 1130.996 428.081 169.8933 433.9366 -1.7600093883629597e-05
