0 578.4494 1040.9494 241.2473 287.786 4.0563131302826605
0 327.4318 931.6421 142.5402 153.6132 -1.6732648210255547
0 345.566 627.3565 132.2114 184.0287 19.48056503444799
0 580.2898 616.2069 215.2666 299.503 -22.918329405326745
0 1220.2479 206.3543 122.2886 168.0355 10.313240312354818
0 1535.938 1347.0628 206.9887 510.6234 -50.511538300433955
0 1519.1949 794.7307 185.7495 336.7174 84.2704044485979
0 1418.8577 550.2361 178.994 205.0774 84.2704044485979
0 1441.793 424.3647 153.4293 187.8072 65.36279720928076
0 891.4623 230.9176 136.6408 233.1411 -6.348161910899819
0 1743.3057 1142.7411 211.6139 332.8039 -82.50594009893234
