0 601.6316 928.8319 256.4094 281.3426 -55.62253229215061
0 324.8825 1021.5031 165.454 235.6181 53.94926747112507
0 375.9142 579.3336 167.0448 190.0184 25.210142985756224
0 600.9933 602.1746 170.2119 302.1452 -17.188751454018586
0 1695.8843 1035.0974 145.8163 341.6942 84.8889884081895
0 1515.5538 1314.8214 224.1756 454.3008 -63.02537506448442
0 1235.3048 194.5709 113.6772 180.3843 3.437746770784939
0 1661.3687 801.0347 184.6214 289.1328 -57.9143634726739
0 1412.4825 553.1458 181.3937 212.7203 -90.0
0 1590.0994 821.043 198.3628 460.6544 66.50871279954248
0 839.0782 197.917 163.4084 193.5665 -8.639993091423094
0 1095.1993 412.676 214.2999 414.5467 -1.7600093883629597e-05
