0 1344.3587 1318.5052 299.2601 473.8593 -46.45520757005744
0 311.74 989.8092 143.8984 190.2981 88.32673517897445
0 473.7742 449.0574 218.5216 347.3528 34.37746770784939
0 597.8012 609.3241 180.5366 313.919 -17.188751454018586
0 743.5764 1441.635 314.3977 516.582 22.91831180523293
0 1319.7185 236.6332 133.8322 187.8007 14.610423775835992
0 1635.7233 958.8316 201.1681 453.3293 79.40026318998588
0 1414.4825 549.1458 181.3937 212.7203 -90.0
0 1440.9464 429.3732 127.9551 173.8107 65.36279720928076
0 856.4418 205.944 130.06 187.2485 -13.796613247600504
0 1071.5494 396.4244 200.8 413.95 0.0
