0 601.6316 928.8319 256.4094 281.3426 -55.62253229215061
0 323.3263 1022.0223 170.6217 237.6851 53.94926747112507
0 374.5142 581.3336 166.2152 185.2067 25.210142985756224
0 600.9933 602.1746 170.2119 302.1452 -17.188751454018586
0 1695.3843 1036.0974 145.8163 341.6942 84.8889884081895
0 1513.5884 1316.5213 241.1409 454.0367 -63.02537506448442
0 1253.4607 205.1267 125.0664 192.7781 5.729577951308232
0 1659.8279 798.9779 183.9382 288.911 -55.62253229215061
0 1412.4825 553.1458 181.3937 212.7203 -90.0
0 1589.1354 834.3479 190.3666 470.5683 65.36279720928076
0 839.0782 197.917 163.4084 193.5665 -8.639993091423094
0 1085.5676 429.526 236.7632 449.6468 -1.7600093883629597e-05
