0 601.6316 928.8319 256.4094 281.3426 -55.62253229215061
0 1129.6312 639.9445 333.8645 586.2018 0.61856635949772
0 368.1416 598.8995 137.3508 150.9761 25.210142985756224
0 570.9327 602.0495 198.5096 266.5707 -17.188751454018586
0 879.1561 220.1007 107.9846 129.7569 -9.167342322186983
0 1187.5236 184.4131 128.2417 142.2382 6.875493541569878
0 1344.6046 285.4318 120.9354 206.0717 14.896902673401405
0 1433.292 434.6958 145.2566 171.4946 61.35209264336498
0 1407.6224 550.449 170.0 215.0 -90.0
0 1620.3557 711.9406 165.6972 216.4697 72.81124854598141
0 974.6581 203.9033 114.0694 221.4978 -6.348161910899819
0 1080.0184 393.5959 228.7529 382.454 5.729577951308232
