0 601.6316 928.8319 256.4094 281.3426 -55.62253229215061
0 313.2853 1033.4266 171.0679 338.6952 75.67603752163552
0 364.5786 610.7564 160.2371 165.8864 -70.51943496555201
0 578.9224 606.949 195.0908 258.6034 -17.188751454018586
0 859.1561 222.1007 107.9846 129.7569 -9.167342322186983
0 1121.1224 169.0999 122.0 129.3019 0.0
0 1336.5768 280.4718 134.0771 219.0775 14.896902673401405
0 1457.4446 448.576 179.5378 200.5443 72.81124854598141
0 1416.1224 553.449 176.0 198.0 -90.0
0 1618.2185 718.7089 158.1248 208.386 72.81124854598141
0 978.2388 333.2341 148.3213 381.8695 1.100289425800895
0 1121.2391 389.3352 159.7928 405.8115 4.010704565915763
