0 580.6472 1037.9181 243.62 316.1367 4.0563131302826605
0 312.9435 967.3826 164.6554 165.1159 88.89969297410522
0 340.9708 648.3176 132.1722 149.5736 19.48056503444799
0 599.3081 601.418 184.4671 294.2837 -22.918329405326745
0 1209.4844 222.4822 111.9745 123.0337 5.729577951308232
0 1331.3615 313.0962 158.1489 163.3465 -69.37351937529036
0 1500.099 806.8633 188.6937 378.1636 84.2704044485979
0 1419.2371 553.9556 171.5164 205.0651 84.2704044485979
0 1709.0368 859.2332 178.4033 358.4957 84.2704044485979
0 985.5856 243.6558 125.667 196.6484 -2.9104151401148783
