0 582.5338 1034.7263 250.2365 300.0064 4.0563131302826605
0 324.4318 933.6421 148.6545 149.7901 -1.6732648210255547
0 346.84 634.2387 132.0275 175.5336 25.210142985756224
0 576.5546 620.0404 187.2877 298.067 -22.918329405326745
0 962.8138 1401.752 275.5543 504.4039 17.188733853924695
0 1527.261 1351.2305 209.9659 511.6909 -50.511538300433955
0 1531.3828 795.4645 175.5267 344.377 84.2704044485979
0 1421.3577 534.7361 212.9206 217.5266 84.2704044485979
0 1430.4252 430.5893 134.4886 167.4504 71.09237516058897
0 1123.2039 200.3291 123.1396 193.5312 2.8191628111933653
0 1184.0487 447.5599 206.6718 449.2353 11.459155902616464
