0 601.6316 928.8319 256.4094 281.3426 -55.62253229215061
0 837.0421 1104.9646 353.6989 372.8075 16.661384623160814
0 368.1416 598.8995 137.3508 150.9761 25.210142985756224
0 576.5491 607.9046 193.532 260.8109 -17.188751454018586
0 876.7561 221.3007 107.9846 129.7569 -9.167342322186983
0 1198.9857 182.1113 113.0031 138.5363 11.459155902616464
0 1375.011 271.8458 156.2885 221.4383 14.896902673401405
0 1438.1881 423.5433 158.2253 184.2679 61.35209264336498
0 1407.6224 550.449 170.0 215.0 -90.0
0 1618.2185 718.7089 158.1248 208.386 72.81124854598141
0 983.0224 215.349 156.0003 220.5637 -2.9104151401148783
0 1100.0224 408.849 242.2 400.8 0.0
