0 1465.8694 1348.3694 243.7574 499.3697 -44.163376389534136
0 317.49 992.2813 142.0059 210.9579 65.40842337374147
0 345.7487 651.4766 137.5383 163.8916 19.48056503444799
0 601.8483 609.3494 172.819 316.3594 -17.188751454018586
0 703.6194 1425.8694 258.5184 530.501 45.83662361046586
0 1285.0418 283.669 197.1952 235.9555 -2.2918487806171015
0 1538.5368 799.5155 180.0991 339.1024 84.2704044485979
0 1421.6328 551.8236 180.7453 204.4326 84.2704044485979
0 1428.8335 430.2619 143.1119 160.5186 71.09237516058897
0 838.0546 207.9324 155.0652 174.1097 -14.369571042731309
0 1053.8119 403.8807 237.745 415.736 -1.7600093883629597e-05
