0 598.0041 1062.3524 214.9971 363.3926 32.70420288682379
0 324.4318 933.6421 148.6545 149.7901 -1.6732648210255547
0 340.0446 648.8317 139.5065 151.2171 25.210142985756224
0 577.1626 624.2091 227.2457 300.7545 -22.918329405326745
0 957.5894 1479.1248 306.0851 521.1488 8.021409131831525
0 1613.2745 546.3118 162.2436 305.4207 56.14986392282068
0 1536.6747 796.9748 182.2318 331.1254 84.2704044485979
0 1415.9493 557.4494 175.996 221.5364 84.2704044485979
0 1430.4252 430.5893 134.4886 167.4504 71.09237516058897
0 960.1847 224.2803 122.9901 242.5058 -8.639993091423094
0 1118.396 424.981 172.8934 443.9366 5.729577951308232
