0 601.6316 928.8319 256.4094 281.3426 -55.62253229215061
0 334.5115 929.3984 153.1896 365.0815 -64.78985701424378
0 368.4882 603.3903 163.7767 168.1244 19.48056503444799
0 589.0487 602.7663 186.8788 246.3969 -17.188751454018586
0 881.0618 219.3304 117.9037 132.1477 -6.875511141663708
0 1121.5224 165.8999 121.2 124.5019 0.0
0 1332.3768 279.7718 125.5995 218.2709 14.896902673401405
0 1457.4446 448.576 179.5378 200.5443 72.81124854598141
0 1416.1224 553.449 176.0 198.0 -90.0
0 1618.2185 718.7089 158.1248 208.386 72.81124854598141
0 936.0152 398.7424 181.8186 429.6403 -5.202246320638153
0 1123.9224 386.649 174.4 408.4 0.0
