0 598.7802 1066.2998 200.1773 394.1061 34.37746770784939
0 325.7224 893.049 139.2 158.8 0.0
0 387.2225 596.849 137.4591 142.1946 25.210142985756224
0 577.7449 638.5045 201.5722 318.8965 -22.918329405326745
0 942.6224 274.949 129.0 129.0 0.0
0 1210.7556 209.0488 165.8552 168.7631 -81.97859086816848
0 1401.431 309.3643 138.7093 252.0034 32.0856365273261
0 1497.5858 489.0447 205.2931 240.4825 72.81124854598141
0 1417.1224 556.449 178.0 196.0 -90.0
0 1607.4048 693.107 177.7773 202.6219 72.81124854598141
0 1573.9508 892.1236 203.2598 442.5611 74.53012193137391
0 1098.6224 439.949 261.0 321.0 0.0
