0 587.6178 1020.7716 244.323 302.7013 34.37746770784939
0 333.0224 886.749 153.8 156.6 0.0
0 385.2447 578.3134 141.6057 182.8275 25.210142985756224
0 581.3518 614.0667 201.0208 305.8248 -22.918329405326745
0 953.4074 225.323 118.0198 154.9241 -9.167342322186983
0 1140.2224 193.4999 135.0 185.3019 2.291831180523293
0 1401.431 309.3643 138.7093 252.0034 32.0856365273261
0 1496.7516 491.9827 210.4137 237.1522 72.81124854598141
0 1413.7224 556.049 178.8 202.8 -90.0
0 1623.9808 714.7931 154.0487 221.7102 72.81124854598141
0 1070.1197 771.6057 348.4872 360.342 -12.077739862208034
0 1108.2224 425.349 264.2 350.2 0.0
