0 581.3333 1039.3621 242.0469 318.9205 4.0563131302826605
0 329.6413 934.9057 146.7668 160.2666 -1.6732648210255547
0 348.0646 621.3449 129.2862 163.1925 19.48056503444799
0 602.4776 600.1552 172.9664 295.3739 -22.918329405326745
0 1235.1979 199.4773 129.078 161.8921 5.729577951308232
0 896.2225 1493.0248 380.7993 521.1504 -0.6185839595915752
0 1500.0757 808.9181 184.0191 370.7386 84.2704044485979
0 1418.8577 550.2361 178.994 205.0774 84.2704044485979
0 1475.814 478.572 134.2461 241.174 88.28110901451367
0 926.0623 222.9176 136.6408 233.1411 -2.9104151401148783
0 1356.6319 1103.6768 356.0209 429.6931 -80.21410891840912
