0 317.9106 1029.4869 128.8959 179.6483 49.89293674074855
0 344.4802 643.3794 133.4548 146.2186 32.70420288682379
0 549.3555 544.7987 155.9501 227.5382 61.35209264336498
0 581.1216 1085.9912 185.5639 260.5805 34.37746770784939
0 1573.1304 799.9131 187.6793 253.3544 83.12448885833629
0 1408.3831 548.7707 180.4053 182.4165 84.2704044485979
0 1315.9826 321.9336 151.3176 152.4423 1.673247220931728
0 1190.3947 224.521 97.5916 117.5377 -1.1459331903554926
0 969.9964 225.9756 115.7681 151.875 -1.7600093883629597e-05
0 1073.8362 1090.6871 374.6673 378.124 81.36000690857689
