0 601.6316 928.8319 256.4094 281.3426 -55.62253229215061
0 309.7475 908.2623 171.101 315.1661 -75.1030973265986
0 369.2882 601.3903 163.7767 168.1244 19.48056503444799
0 595.5118 602.4249 175.1474 245.9947 -17.188751454018586
0 892.0147 217.9453 122.8632 133.3432 -5.729595551402099
0 1121.7224 164.2999 120.8 122.1019 0.0
0 1332.3768 279.7718 125.5995 218.2709 14.896902673401405
0 1457.4446 448.576 179.5378 200.5443 72.81124854598141
0 1416.1224 553.449 176.0 198.0 -90.0
0 1618.2185 718.7089 158.1248 208.386 72.81124854598141
0 932.6632 408.8976 196.6933 438.3171 -6.348161910899819
0 1121.3224 388.249 179.6 411.6 0.0
