0 601.6316 928.8319 256.4094 281.3426 -55.62253229215061
0 454.6149 1242.8692 221.2616 406.0023 81.40561547294385
0 360.0888 616.199 146.9805 170.7219 -70.51943496555201
0 580.1224 608.449 188.5548 263.4902 -17.188751454018586
0 871.1561 222.1007 107.9846 129.7569 -9.167342322186983
0 1128.8724 169.1999 131.9019 134.3 -90.0
0 1362.0514 284.7395 159.0517 249.8683 14.896902673401405
0 1438.3748 427.6141 141.3015 190.9242 61.35209264336498
0 1415.2724 553.149 175.4 199.7 -90.0
0 1618.2185 718.7089 158.1248 208.386 72.81124854598141
0 980.1224 212.149 139.3607 220.2081 -3.483372935245683
0 1090.4224 397.5079 232.6 421.8822 0.0
