0 583.7901 992.1904 255.0591 283.6885 34.37746770784939
0 324.3881 1024.7794 159.6985 226.2545 48.219689519816825
0 316.7839 631.0448 181.3952 208.036 -60.1020309260424
0 579.8012 609.8241 215.2242 304.2356 -17.188751454018586
0 1744.383 1159.5376 146.3973 277.5193 -78.85986587383792
0 1524.7144 1297.0202 238.118 454.531 -68.23407708423917
0 822.0502 475.4141 315.5478 470.5958 -25.21016058585002
0 1582.4886 795.4987 237.849 430.086 67.08167059467326
0 1414.5734 541.5094 181.3937 212.7203 -90.0
0 1633.9293 630.4347 158.1094 286.9993 56.508020964431466
0 813.4557 210.6921 128.9865 191.1922 -19.57827306248612
0 1148.6311 419.7009 195.5455 447.7698 -1.7600093883629597e-05
