0 578.4494 1040.9494 241.2473 287.786 4.0563131302826605
0 327.4318 931.6421 142.5402 153.6132 -1.6732648210255547
0 348.566 630.3565 132.2114 184.0287 25.210142985756224
0 580.4596 616.5271 174.1829 299.453 -22.918329405326745
0 1071.5967 351.9663 203.5503 390.86 1.1459155902616465
0 1543.8176 1337.1395 246.4334 506.8777 -50.511538300433955
0 1539.0338 789.4794 179.9393 360.7976 84.2704044485979
0 1416.8577 552.2361 178.994 205.0774 84.2704044485979
0 1405.8526 413.364 132.6877 145.4047 65.36279720928076
0 1023.1973 229.5124 119.7871 258.7255 -2.9104151401148783
0 1753.3165 1135.925 172.5636 347.4055 -85.94368686971734
