0 597.1728 957.2677 330.2728 494.2137 -77.68140740468729
0 311.74 989.8092 143.8984 190.2981 88.32673517897445
0 384.0687 546.8343 197.4711 228.2161 30.939720937064454
0 597.8012 609.3241 180.5366 313.919 -17.188751454018586
0 750.7339 1437.238 297.0484 531.3344 27.35873471749681
0 1108.8076 187.4523 137.6475 179.5093 3.437746770784939
0 1597.9616 935.4669 229.6805 432.1407 83.84068610224978
0 1414.4825 549.1458 181.3937 212.7203 -90.0
0 1428.2484 409.5876 167.2229 173.4754 -24.637202790719243
0 882.4418 200.069 130.06 187.2485 -2.9104151401148783
0 1086.7119 401.8244 215.925 415.55 0.4297183463481174
