0 1452.9817 1377.4116 252.2953 475.4426 -44.163376389534136
0 312.981 917.2544 177.3998 197.6539 4.0563131302826605
0 669.0372 366.8545 290.1261 299.6944 -27.547600330740266
0 601.8483 609.3494 172.819 316.3594 -17.188751454018586
0 828.3227 1471.5501 349.5659 512.4844 17.188733853924695
0 1236.6361 198.727 134.4621 185.5032 9.167324722093172
0 1546.5964 912.8161 217.0738 427.243 81.40561547294385
0 1456.6619 560.3428 162.5565 216.5972 81.40561547294385
0 1402.824 432.1004 137.9942 213.1834 65.36279720928076
0 879.5386 214.8038 133.9375 205.5337 -8.639993091423094
0 1056.4494 396.9494 239.0 416.0 0.0
