0 601.6316 928.8319 256.4094 281.3426 -55.62253229215061
0 320.992 1022.8011 178.3732 240.7857 53.94926747112507
0 366.9826 607.1458 165.4164 169.1776 25.210142985756224
0 600.9933 602.1746 170.2119 302.1452 -17.188751454018586
0 1611.62 1250.6584 163.9196 342.3624 -76.35964994322552
0 1204.5169 1418.4626 347.2637 513.6425 -9.896545708049985
0 1355.3339 274.3817 121.9019 264.9029 20.626480624709636
0 1663.7233 818.4409 184.5443 315.4127 -72.8112661460753
0 1412.4825 553.1458 181.3937 212.7203 -90.0
0 1577.0776 806.9637 193.0816 476.0868 71.09237516058897
0 814.4385 206.4233 157.1974 204.4613 -14.369571042731309
0 1593.9095 1037.3857 268.7081 462.2327 -88.4373722053397
