0 599.3101 920.6644 267.2697 274.478 -55.62253229215061
0 306.1224 903.449 148.0 170.0 0.0
0 379.2447 574.3134 141.6057 182.8275 25.210142985756224
0 597.6225 599.949 153.5562 283.5886 -22.918329405326745
0 968.7943 238.9554 110.4974 182.69 -9.167342322186983
0 1135.6224 195.0999 135.0 185.3019 0.0
0 1401.431 309.3643 138.7093 252.0034 32.0856365273261
0 1487.7516 488.9827 199.3623 221.7293 72.81124854598141
0 1416.1224 553.449 176.0 198.0 -90.0
0 1623.9808 714.7931 154.0487 221.7102 72.81124854598141
0 1138.6361 647.0209 318.9547 479.7493 2.8191628111933653
0 1092.6224 428.449 261.0 288.0 0.0
