0 569.4043 1001.7766 205.0 334.0 -90.0
0 316.7917 1015.626 143.0178 179.3235 59.26958166937132
0 360.2339 606.1222 121.1837 151.0344 -64.56250736113587
0 606.5287 604.4877 155.6834 292.6405 -17.188751454018586
0 1685.5529 1051.5021 146.6983 324.5338 89.14067902273729
0 1507.19 1332.8565 196.6988 453.1582 -51.793568814975856
0 1008.1175 314.4972 156.8775 387.0156 -5.161164122852767
0 1761.9663 657.2956 134.3267 169.8777 -22.3726444012442
0 1415.4825 541.1458 181.3937 212.7203 -90.0
0 1643.0844 714.2205 178.3193 332.2929 60.133411413121735
0 813.6993 210.7254 111.1662 179.8538 -20.09914899403958
0 1100.2041 411.0458 197.5238 438.0802 -1.7600093883629597e-05
