0 582.5338 1034.7263 250.2365 300.0064 4.0563131302826605
0 327.1818 931.8088 143.0497 153.2946 -1.6732648210255547
0 346.84 634.2387 132.0275 175.5336 25.210142985756224
0 576.5546 620.0404 187.2877 298.067 -22.918329405326745
0 1011.3971 1305.502 324.4339 338.2247 -78.06339836670102
0 1527.261 1351.2305 209.9659 511.6909 -50.511538300433955
0 1539.8512 793.7917 173.8886 361.5632 84.2704044485979
0 1417.2327 550.7777 181.8212 206.1149 84.2704044485979
0 1435.5158 434.3048 124.1594 174.6742 71.09237516058897
0 1123.2039 200.3291 123.1396 193.5312 2.8191628111933653
0 1154.4887 493.9438 323.2178 421.6946 -4.29720106357496
