0 581.9708 1035.3177 241.3473 310.7617 4.0563131302826605
0 338.9887 889.4092 171.0999 223.8556 -1.6732648210255547
0 340.9708 648.3176 132.1722 149.5736 19.48056503444799
0 603.2973 599.9944 171.3312 295.7161 -22.918329405326745
0 1209.4844 222.4822 111.9745 123.0337 5.729577951308232
0 1345.3154 301.8843 173.8828 210.74 3.437746770784939
0 1487.7519 810.9193 194.2997 352.783 84.2704044485979
0 1418.8577 550.2361 178.994 205.0774 84.2704044485979
0 1438.3555 400.8739 152.0154 210.4247 71.09237516058897
0 974.7245 246.211 115.7995 199.2611 -2.9104151401148783
