0 581.9708 1035.3177 241.3473 310.7617 4.0563131302826605
0 324.7937 908.913 170.2894 238.8465 -1.6732648210255547
0 340.9708 648.3176 132.1722 149.5736 19.48056503444799
0 604.3592 598.6163 170.257 297.9327 -22.918329405326745
0 1209.4844 222.4822 111.9745 123.0337 5.729577951308232
0 1394.0841 350.629 138.8564 151.9126 -69.37351937529036
0 1489.4907 810.2969 193.4083 356.3676 84.2704044485979
0 1419.2371 553.9556 171.5164 205.0651 84.2704044485979
0 1435.3204 427.0962 139.6612 166.3362 71.09237516058897
0 974.7245 246.211 115.7995 199.2611 -2.9104151401148783
