0 1471.9009 1365.9711 210.7277 478.3414 -44.163376389534136
0 317.49 992.2813 142.0059 210.9579 65.40842337374147
0 339.6192 678.2909 144.8009 170.339 12.605071492878112
0 601.8483 609.3494 172.819 316.3594 -17.188751454018586
0 686.2035 1399.813 241.3158 509.8797 45.83662361046586
0 1334.8514 301.8208 148.9253 222.122 14.896902673401405
0 1514.8861 805.3141 194.4172 389.4816 84.2704044485979
0 1425.6328 551.8236 180.7453 204.4326 84.2704044485979
0 1431.7744 432.489 145.011 162.3472 71.09237516058897
0 861.9994 198.8602 126.6386 185.7101 -6.348161910899819
0 1045.0494 392.9494 239.0 416.0 0.0
