0 601.6316 928.8319 256.4094 281.3426 -55.62253229215061
0 288.6725 906.449 166.8172 182.4656 -84.27042204869177
0 370.8882 597.3903 163.7767 168.1244 19.48056503444799
0 608.4381 601.7422 151.6846 245.1905 -17.188751454018586
0 913.9204 220.575 132.7822 135.734 -3.437764370878824
0 1122.1224 161.0999 117.3019 120.0 -90.0
0 1334.1768 289.6718 134.1687 200.0619 14.896902673401405
0 1460.3525 454.7099 166.0991 198.6138 72.81124854598141
0 1416.1224 553.449 176.0 198.0 -90.0
0 1618.2185 718.7089 158.1248 208.386 72.81124854598141
0 951.7551 433.5482 244.0985 471.1692 -13.796613247600504
0 1125.1224 391.449 190.0 418.0 0.0
