0 602.7802 1065.2998 200.1773 394.1061 34.37746770784939
0 314.1224 906.449 132.0 156.0 0.0
0 371.3784 604.611 128.603 152.3852 19.48056503444799
0 588.6889 632.2472 166.8458 316.3487 -22.918329405326745
0 942.6224 274.949 129.0 129.0 0.0
0 1206.8224 199.449 127.0 174.0 5.156620156177409
0 1361.638 295.1756 148.0288 288.177 14.896902673401405
0 1481.2635 476.5663 193.9032 232.3952 72.81124854598141
0 1419.1224 556.449 178.0 200.0 -90.0
0 1628.1922 719.2783 153.4847 208.8242 72.81124854598141
0 1581.1017 929.2981 213.0902 480.6812 81.97857326807463
0 1103.7724 440.749 256.7 323.4 0.0
