0 601.6316 928.8319 256.4094 281.3426 -55.62253229215061
0 305.9456 996.1644 178.3869 216.2808 71.13800132504974
0 376.083 589.7245 139.8004 153.6283 25.210142985756224
0 600.9933 602.1746 170.2119 302.1452 -17.188751454018586
0 1024.6454 406.3758 159.9591 340.1334 -1.7188909854863255
0 1196.1529 192.9939 127.8917 163.6747 5.729577951308232
0 1320.9214 252.0273 130.1816 152.7933 20.626480624709636
0 1405.4466 330.7675 190.5162 222.3855 21.24504698420742
0 1412.4825 553.1458 181.3937 212.7203 -90.0
0 1608.0734 683.256 204.9744 312.3771 59.63321925797254
0 944.9826 210.6458 121.0917 199.6813 -8.639993091423094
0 1147.1692 665.7864 356.3938 394.5815 74.53012193137391
