0 601.6316 928.8319 256.4094 281.3426 -55.62253229215061
0 309.8829 1029.7052 180.2846 214.6962 53.94926747112507
0 376.083 589.7245 139.8004 153.6283 25.210142985756224
0 600.9933 602.1746 170.2119 302.1452 -17.188751454018586
0 1580.1898 1234.3817 195.8745 370.5466 -70.47382640118508
0 1090.9739 445.4528 213.3338 461.9924 0.0
0 1382.5318 308.6789 138.8024 259.8297 22.345354010102106
0 1665.0024 659.8685 165.8397 328.9011 72.81124854598141
0 1412.4825 553.1458 181.3937 212.7203 -90.0
0 1588.4609 839.9025 186.252 476.2918 67.08167059467326
0 826.6385 204.3233 139.04 198.7772 -14.369571042731309
0 1666.3493 950.4494 198.0544 351.2157 68.8005439800657
