0 1461.4932 1378.5502 284.2649 480.2855 -44.163376389534136
0 317.49 992.2813 142.0059 210.9579 65.40842337374147
0 342.2961 635.996 144.5804 163.6929 19.48056503444799
0 601.8483 609.3494 172.819 316.3594 -17.188751454018586
0 697.8427 1416.8427 222.7844 534.2051 45.83662361046586
0 1285.1876 289.4419 197.3655 247.5038 -2.2918487806171015
0 1538.1727 799.9035 179.3996 339.9044 84.2704044485979
0 1425.6328 551.8236 180.7453 204.4326 84.2704044485979
0 1429.7176 431.0745 141.0015 159.3724 71.09237516058897
0 840.4809 207.6506 154.2035 173.232 -13.796613247600504
0 1053.0119 404.1807 237.745 415.736 -1.1459331903554926
