0 598.7802 1066.2998 200.1773 394.1061 34.37746770784939
0 320.2224 901.349 147.8 150.6 -90.0
0 387.9225 593.249 139.3199 140.7479 -64.78985701424378
0 595.8293 623.4946 198.2042 327.1235 -22.918329405326745
0 942.6224 274.949 129.0 129.0 0.0
0 1173.5561 191.9419 125.4674 177.3744 5.729577951308232
0 1401.431 309.3643 138.7093 252.0034 32.0856365273261
0 1497.5858 489.0447 205.2931 240.4825 72.81124854598141
0 1417.1224 556.449 178.0 196.0 -90.0
0 1623.0548 704.207 147.319 225.9634 72.81124854598141
0 1572.7508 882.5236 203.2598 442.5611 74.53012193137391
0 1098.6224 439.949 261.0 321.0 0.0
