0 580.8838 1030.9617 244.6909 308.0557 4.0563131302826605
0 327.4318 931.6421 142.5402 153.6132 -1.6732648210255547
0 354.5005 619.5079 118.3764 183.022 19.48056503444799
0 597.72 606.7112 186.8365 303.7455 -22.918329405326745
0 1274.0012 205.6256 138.8709 153.3645 11.459155902616464
0 1435.2179 1358.8482 288.3354 508.3106 -40.19829798807913
0 1517.4898 793.3169 188.9034 333.6065 84.2704044485979
0 1418.8577 550.2361 178.994 205.0774 84.2704044485979
0 1477.5564 480.628 130.0315 244.534 88.28110901451367
0 926.0623 222.9176 136.6408 233.1411 -2.9104151401148783
0 1714.5907 1135.4163 247.6087 374.8549 -82.50594009893234
