0 581.9708 1035.3177 241.3473 310.7617 4.0563131302826605
0 334.1413 928.9057 148.5345 156.1134 88.32673517897445
0 348.2008 624.019 129.2796 168.1437 19.48056503444799
0 598.4776 602.6552 182.282 296.8639 -22.918329405326745
0 1206.4146 221.0482 113.6335 119.9157 5.729577951308232
0 1326.334 302.879 133.3119 219.267 8.021409131831525
0 1496.5757 809.418 193.0739 370.6422 84.2704044485979
0 1418.8577 550.2361 178.994 205.0774 84.2704044485979
0 1410.9515 410.8672 140.316 169.6335 -18.907624839411028
0 974.7245 246.211 115.7995 199.2611 -2.9104151401148783
