0 610.3061 976.8052 248.7868 287.6005 34.37746770784939
0 322.6438 997.6921 150.7368 207.7347 48.219689519816825
0 318.8034 640.7017 157.3158 220.3573 -65.93577260450543
0 594.8106 609.7292 186.4901 312.9254 -17.188751454018586
0 1419.6715 1373.6233 278.7976 482.4337 -38.96114766898984
0 863.4434 458.4951 260.2353 470.0188 -16.042835863756864
0 1631.3477 921.8685 220.6974 428.5022 81.97857326807463
0 1414.4825 549.1458 181.3937 212.7203 -90.0
0 1415.3751 337.809 141.3056 233.3767 19.52617359881492
0 882.8026 197.757 138.891 190.0296 -8.639993091423094
0 1136.6494 425.0494 215.0001 447.0 -1.7600093883629597e-05
