0 601.6316 928.8319 256.4094 281.3426 -55.62253229215061
0 567.0473 1258.527 247.9746 447.3853 64.21688161901915
0 360.0888 616.199 146.9805 170.7219 -70.51943496555201
0 580.1224 608.449 188.5548 263.4902 -17.188751454018586
0 871.1561 222.1007 107.9846 129.7569 -9.167342322186983
0 1139.3724 175.7999 135.5019 136.1 -90.0
0 1369.0988 275.5458 160.5947 231.2518 14.896902673401405
0 1424.0263 418.3436 163.4617 182.8028 61.35209264336498
0 1410.1724 551.349 171.8 209.9 -90.0
0 1618.2185 718.7089 158.1248 208.386 72.81124854598141
0 974.1224 213.349 139.3607 220.2081 -6.921119706030652
0 1095.2224 404.802 242.2 407.2941 0.0
