0 580.8838 1030.9617 244.6909 308.0557 4.0563131302826605
0 327.4318 931.6421 142.5402 153.6132 -1.6732648210255547
0 352.5381 617.213 123.6071 180.0037 19.48056503444799
0 597.72 606.7112 186.8365 303.7455 -22.918329405326745
0 1286.5012 209.5256 138.8709 153.3645 11.459155902616464
0 1259.234 1391.9237 382.7456 467.9695 -44.78196034912574
0 1518.6413 791.4057 192.0808 330.2098 84.2704044485979
0 1418.8577 550.2361 178.994 205.0774 84.2704044485979
0 1475.6852 479.1 133.1984 240.8849 88.28110901451367
0 926.0623 222.9176 136.6408 233.1411 -2.9104151401148783
0 1770.8848 1156.4858 194.5439 321.9234 -83.07889789406318
