0 582.7522 1033.343 240.0678 306.7118 4.0563131302826605
0 329.6413 934.9057 146.7668 160.2666 -1.6732648210255547
0 348.0646 621.3449 129.2862 163.1925 19.48056503444799
0 598.199 606.3911 185.7048 303.5289 -22.918329405326745
0 1303.9758 217.018 143.2691 155.525 11.459155902616464
0 710.1313 1442.1886 258.4189 543.3276 40.63437728982768
0 1499.1001 804.618 187.3934 383.1864 84.2704044485979
0 1418.8577 550.2361 178.994 205.0774 84.2704044485979
0 1471.3354 477.0079 137.6416 232.3148 88.28110901451367
0 926.0623 222.9176 136.6408 233.1411 -2.9104151401148783
0 1359.8981 1102.0221 360.3924 435.5681 -80.21410891840912
