0 1444.9009 1380.9711 259.5644 475.5186 -44.163376389534136
0 315.7217 975.0696 136.3701 196.5299 76.86757927635796
0 403.5146 539.2422 146.6157 268.8582 -64.78985701424378
0 601.8483 609.3494 172.819 316.3594 -17.188751454018586
0 766.2298 1451.9872 312.529 511.4069 17.188733853924695
0 1342.2426 267.8752 140.2584 193.0406 12.032113697747286
0 1486.5295 804.373 242.9305 324.5386 75.67603752163552
0 1489.8925 563.6084 167.1232 186.0344 72.81124854598141
0 1433.1456 433.4321 147.684 164.3305 71.09237516058897
0 906.9118 223.6439 141.5545 222.4887 -2.9104151401148783
0 1098.4494 399.9494 239.0 416.0 0.0
