0 614.3297 977.3178 256.0073 291.298 34.37746770784939
0 323.734 1014.6216 156.3378 219.3096 48.219689519816825
0 317.3034 674.7017 157.3158 220.3573 -68.80056158015954
0 587.3342 610.7418 201.3736 310.4413 -17.188751454018586
0 1454.8893 1370.6837 316.7914 461.3195 -50.420303571606325
0 789.6536 511.1808 381.394 428.3976 -21.772413815065136
0 1624.3903 904.251 231.4171 429.4921 76.24899531676641
0 1414.4825 549.1458 181.3937 212.7203 -90.0
0 1402.206 324.0186 134.7663 228.8848 19.52617359881492
0 882.8026 197.757 138.891 190.0296 -8.639993091423094
0 1142.1494 426.5494 215.0001 447.0 -1.7600093883629597e-05
