0 1464.4009 1365.4711 220.7913 467.1734 -44.163376389534136
0 317.49 992.2813 142.0059 210.9579 65.40842337374147
0 307.1681 660.4286 179.508 220.6725 -81.97859086816848
0 601.8483 609.3494 172.819 316.3594 -17.188751454018586
0 791.9383 1458.2836 313.9575 494.9074 11.459155902616464
0 1334.6827 304.6209 147.8117 216.6232 14.896902673401405
0 1514.2878 802.5895 230.969 360.6252 78.54082649728974
0 1425.6328 551.8236 180.7453 204.4326 84.2704044485979
0 1433.1456 433.4321 147.684 164.3305 71.09237516058897
0 859.408 234.132 141.7801 219.3095 -14.369571042731309
0 1076.4494 401.9494 239.0 416.0 0.0
