0 1475.5009 1359.6711 210.7277 478.3414 -44.163376389534136
0 317.49 992.2813 142.0059 210.9579 65.40842337374147
0 346.7658 612.2673 138.622 198.6877 19.48056503444799
0 601.8483 609.3494 172.819 316.3594 -17.188751454018586
0 689.8035 1409.713 241.3158 509.8797 40.680003454288446
0 1357.7052 293.2883 149.1664 248.963 14.896902673401405
0 1530.9494 802.4494 170.4317 354.7873 84.2704044485979
0 1425.6328 551.8236 180.7453 204.4326 84.2704044485979
0 1429.7176 431.0745 141.0015 159.3724 71.09237516058897
0 876.3994 194.6602 126.6386 185.7101 -2.9104151401148783
0 1043.8494 397.4494 239.0 416.0 -5.156637756271323
