0 607.1467 983.1001 245.7124 294.7177 34.37746770784939
0 322.2077 990.9202 148.4963 203.1047 48.219689519816825
0 324.6837 620.8497 160.2293 214.9211 -64.21689921911295
0 597.8012 609.3241 180.5366 313.919 -17.188751454018586
0 1380.9539 1378.7697 267.6121 490.9917 -33.231569717681566
0 896.9535 432.9608 210.2434 484.3378 -13.178046888102756
0 1630.0071 924.6959 217.93 434.8967 83.69744665346707
0 1414.4825 549.1458 181.3937 212.7203 -90.0
0 1418.8427 345.9251 143.9214 235.1735 18.3802580085532
0 882.6907 196.6851 137.6476 187.3296 -8.639993091423094
0 1130.8919 423.8186 211.2975 447.3096 0.5729577951308232
