0 601.6316 928.8319 256.4094 281.3426 -55.62253229215061
0 667.9785 1260.252 275.0426 463.2783 51.03885233101016
0 361.6994 612.7391 147.7796 164.0477 -69.37351937529036
0 580.1224 608.449 188.5548 263.4902 -17.188751454018586
0 871.1561 222.1007 107.9846 129.7569 -9.167342322186983
0 1155.4951 179.7022 132.2006 137.5488 2.291831180523293
0 1372.6225 270.949 161.3661 221.9436 14.896902673401405
0 1419.8521 414.5083 174.5419 178.7421 61.35209264336498
0 1407.6224 550.449 170.0 215.0 -90.0
0 1618.2185 718.7089 158.1248 208.386 72.81124854598141
0 974.0224 214.149 144.3746 220.3537 -7.494077501161456
0 1097.6224 408.449 247.0 400.0 0.0
