0 581.9708 1035.3177 241.3473 310.7617 4.0563131302826605
0 334.1413 928.9057 148.5345 156.1134 88.32673517897445
0 348.0646 621.3449 129.2862 163.1925 19.48056503444799
0 598.4776 602.6552 182.282 296.8639 -22.918329405326745
0 1270.7626 205.1658 141.737 156.2415 11.459155902616464
0 1663.8835 1162.9232 252.0995 404.0046 -83.74309041802171
0 1497.5582 802.8914 196.5148 366.9321 84.2704044485979
0 1418.8577 550.2361 178.994 205.0774 84.2704044485979
0 1470.8207 468.7664 152.0875 231.1801 83.69744665346707
0 974.7245 246.211 115.7995 199.2611 -2.9104151401148783
0 1345.47 1231.7483 312.5741 441.5165 -56.14988152291454
