0 575.1052 1045.4406 250.2365 300.0064 4.0563131302826605
0 327.4318 931.6421 142.5402 153.6132 -1.6732648210255547
0 346.84 634.2387 132.0275 175.5336 25.210142985756224
0 582.7949 617.7021 173.9711 298.6198 -22.918329405326745
0 1026.3574 808.7651 382.1097 417.7655 43.38109838787369
0 1534.0257 1340.0406 263.365 495.4535 -50.511538300433955
0 1535.2405 799.6973 160.3631 351.2087 84.2704044485979
0 1416.8577 552.2361 178.994 205.0774 84.2704044485979
0 1423.9622 432.0046 127.9274 154.5217 70.2738476544651
0 1123.2039 200.3291 123.1396 193.5312 2.8191628111933653
0 1516.6465 1064.8987 188.8197 489.4991 89.14526268509837
