0 604.5802 1069.7998 200.1773 394.1061 34.37746770784939
0 326.7224 887.549 142.8 161.4 0.0
0 380.5855 592.4736 127.9156 151.3728 19.48056503444799
0 588.6889 632.2472 166.8458 316.3487 -22.918329405326745
0 942.6224 274.949 129.0 129.0 0.0
0 1217.2057 200.0771 135.4388 178.1414 11.459155902616464
0 1376.166 296.6016 151.3025 272.2578 20.626480624709636
0 1481.1225 475.949 196.4307 232.3273 72.81124854598141
0 1429.1224 552.449 186.0 220.0 -90.0
0 1616.0641 700.0115 208.3244 220.8687 -17.188751454018586
0 1552.0355 964.4382 221.0407 446.396 80.25969988268213
0 1104.1224 440.949 258.0 323.0 0.0
