0 601.6316 928.8319 256.4094 281.3426 -55.62253229215061
0 336.4553 1128.7411 140.1436 366.6831 88.32673517897445
0 363.499 595.1846 153.875 156.0069 -64.78985701424378
0 585.9405 608.0334 178.5685 287.8335 -17.188751454018586
0 908.6694 247.2652 126.8549 189.7218 -9.167342322186983
0 1154.3304 185.5644 125.9529 156.2241 10.313240312354818
0 1367.1435 293.3 141.9332 256.0956 19.48056503444799
0 1412.2525 419.2713 157.5034 166.7002 70.51941736545814
0 1411.5105 552.6064 179.1149 213.1762 -90.0
0 1631.0349 687.8642 233.474 245.2677 76.82195311189724
0 957.741 213.3076 108.8668 208.8407 -9.78590868168476
0 1077.6176 408.9687 232.9237 404.1467 4.583662361046586
