0 1477.7625 1353.8521 245.0261 475.3665 -44.163376389534136
0 317.681 907.0946 185.3391 218.5875 4.0563131302826605
0 749.2788 324.3105 291.3848 389.7004 65.31718864491384
0 601.8483 609.3494 172.819 316.3594 -17.188751454018586
0 784.052 1450.2148 333.73 504.3205 20.626480624709636
0 1122.6315 195.5173 187.6834 275.483 88.85406680964451
0 1560.2729 923.7545 225.2806 451.9314 84.2704044485979
0 1411.0479 548.9671 181.0364 219.5895 -90.0
0 1392.8374 421.7508 165.1352 203.6572 65.36279720928076
0 847.3513 207.0719 128.5642 187.7806 -14.369571042731309
0 1070.5494 395.1494 215.6 414.8 0.0
