0 601.6316 928.8319 256.4094 281.3426 -55.62253229215061
0 293.6218 909.0514 166.8042 176.5361 -84.27042204869177
0 370.8882 597.1903 163.7767 168.1244 19.48056503444799
0 607.6381 601.9422 151.6846 245.1905 -17.188751454018586
0 914.2204 222.375 130.6582 137.0638 -3.437764370878824
0 1122.1224 161.0999 117.3019 120.0 -90.0
0 1335.1768 290.7718 136.667 198.45 14.896902673401405
0 1460.6756 455.3915 164.6059 198.3993 72.81124854598141
0 1416.1224 553.449 176.0 198.0 -90.0
0 1618.2185 718.7089 158.1248 208.386 72.81124854598141
0 963.8926 437.8191 248.5836 473.3009 -13.2236554524697
0 1125.9224 382.649 189.6 400.4 0.0
