0 598.7802 1066.2998 200.1773 394.1061 34.37746770784939
0 318.1224 901.949 149.0 156.0 -90.0
0 389.1225 591.449 139.3199 140.7479 -64.78985701424378
0 596.3893 622.6427 199.8994 325.9905 -22.918329405326745
0 942.6224 274.949 129.0 129.0 0.0
0 1176.7561 192.3419 125.4674 177.3744 6.875493541569878
0 1401.431 309.3643 138.7093 252.0034 32.0856365273261
0 1497.5858 489.0447 205.2931 240.4825 72.81124854598141
0 1417.1224 556.449 178.0 196.0 -90.0
0 1620.5048 704.207 148.8262 221.0912 72.81124854598141
0 1571.0823 881.1428 205.7728 442.2975 73.3842063411123
0 1098.6224 439.949 261.0 321.0 0.0
