0 582.8419 993.1255 256.2827 278.5839 34.37746770784939
0 316.8371 1041.4602 128.3104 202.1119 42.49011156850858
0 321.291 626.0166 181.5736 203.7549 -59.89943304968415
0 579.5512 609.8797 215.7347 304.1939 -17.188751454018586
0 1743.8878 1170.5379 143.0628 267.3947 -77.754458399692
0 1524.4823 1297.7071 237.3434 454.5182 -68.17620834693099
0 829.2161 470.6157 306.6004 471.5456 -24.573547179680247
0 1739.5503 616.7934 112.3582 147.5153 22.1999384455724
0 1415.028 541.3276 181.3937 212.7203 -90.0
0 1581.2737 787.6156 216.7799 415.6158 68.25652055358898
0 812.6884 210.7389 128.4913 191.2504 -19.838682380373086
0 1148.1236 420.2981 196.4394 447.7168 -1.7600093883629597e-05
