0 597.3791 978.2752 249.9595 289.687 34.37746770784939
0 324.3881 1024.7794 159.6985 226.2545 48.219689519816825
0 302.0387 702.7515 165.2531 223.8056 -70.51943496555201
0 587.8169 609.3325 199.6183 308.034 -17.188751454018586
0 1469.3138 1370.3008 289.4824 452.8288 -53.47605938037748
0 730.0151 553.7754 406.5764 499.8333 64.78983941414998
0 1610.8826 873.0138 237.849 430.086 72.81124854598141
0 1414.4825 549.1458 181.3937 212.7203 -90.0
0 1416.9713 338.4111 130.8427 226.1897 11.886755428997105
0 878.8026 197.757 138.891 190.0296 -8.639993091423094
0 1146.1161 427.4494 215.0001 447.0 -1.7600093883629597e-05
