0 618.6538 939.4071 265.3234 269.9852 34.37746770784939
0 320.992 1022.8011 178.3732 240.7857 53.94926747112507
0 366.4909 608.298 165.5082 171.6813 25.210142985756224
0 600.9933 602.1746 170.2119 302.1452 -17.188751454018586
0 1713.4834 1164.1619 154.0854 234.1962 -78.49523553301663
0 1291.0995 1428.6726 289.9908 512.1516 -23.49128720045752
0 1351.2339 273.0817 121.9019 264.9029 20.05352282957881
0 1660.8502 816.6667 182.5577 307.8913 -71.09239276068283
0 1412.4825 553.1458 181.3937 212.7203 -90.0
0 1577.0776 806.9637 193.0816 476.0868 71.09237516058897
0 814.4385 206.4233 157.1974 204.4613 -14.369571042731309
0 1431.794 1075.0856 287.5431 458.2905 86.56223562912118
