0 611.4281 1070.9787 227.5391 344.7579 32.70420288682379
0 326.1952 930.0144 149.0296 150.4167 -1.6732648210255547
0 338.137 651.6222 138.4318 157.8915 25.210142985756224
0 602.5204 607.6735 163.7737 314.6883 -17.188751454018586
0 1110.4776 1466.2637 305.4697 490.8868 -10.084074794396315
0 1313.1012 280.0843 133.9806 246.3423 10.771606548459477
0 1543.7616 796.3609 182.4252 345.3511 84.2704044485979
0 1415.9493 557.4494 175.996 221.5364 84.2704044485979
0 1433.4652 430.5893 134.4886 167.4504 71.09237516058897
0 965.5921 221.16 131.3387 242.1449 -4.285513848428849
0 1127.336 427.821 172.7734 443.5366 1.3750987083139758
