0 600.703 917.7649 269.7883 273.6288 34.37746770784939
0 304.6224 899.249 151.0 178.4 0.0
0 369.6093 574.2188 139.0359 171.2162 25.210142985756224
0 607.3582 603.6214 155.5179 264.4274 -19.48058263454186
0 968.7943 238.9554 110.4974 182.69 -9.167342322186983
0 1135.3224 186.9999 122.4 171.5019 0.0
0 1401.431 309.3643 138.7093 252.0034 32.0856365273261
0 1469.706 465.828 176.8424 200.9354 72.81124854598141
0 1416.1224 553.449 176.0 198.0 -90.0
0 1623.9808 714.7931 154.0487 221.7102 72.81124854598141
0 1131.9067 648.1271 334.4494 487.5333 2.8191628111933653
0 1089.6224 415.549 255.0 313.8 0.0
