0 317.9106 1029.4869 128.8959 179.6483 49.89293674074855
0 344.4802 643.3794 133.4548 146.2186 32.70420288682379
0 547.9722 545.8692 156.5026 230.9925 61.35209264336498
0 578.6304 1084.913 190.8936 259.547 34.37746770784939
0 1573.6304 796.9131 188.827 246.1654 83.12448885833629
0 1407.3831 545.7707 181.0255 186.575 -5.729595551402099
0 1325.4605 323.6953 145.6732 154.555 1.673247220931728
0 1188.6949 227.041 82.2483 110.3841 -6.875511141663708
0 975.2638 230.4131 118.2666 157.0 -1.7600093883629597e-05
0 1038.5958 1154.4788 375.2826 411.6103 -16.66140222325464
