0 601.6316 928.8319 256.4094 281.3426 -55.62253229215061
0 322.6754 969.3544 162.4614 345.359 -83.69746425356094
0 367.2882 606.3903 163.7767 168.1244 19.48056503444799
0 579.354 603.2783 204.4759 247.0 -17.188751454018586
0 864.6325 221.4081 110.4644 130.3546 -8.59438452705615
0 1121.2224 168.2999 121.8 128.1019 0.0
0 1332.3768 279.7718 125.5995 218.2709 14.896902673401405
0 1457.4446 448.576 179.5378 200.5443 72.81124854598141
0 1416.1224 553.449 176.0 198.0 -90.0
0 1618.2185 718.7089 158.1248 208.386 72.81124854598141
0 941.0431 383.5097 159.5066 416.6252 -3.483372935245683
0 1127.8224 384.249 166.6 403.6 0.0
