0 601.6316 928.8319 256.4094 281.3426 -55.62253229215061
0 483.5183 1253.3418 227.509 431.8173 78.54082649728974
0 360.0888 616.199 146.9805 170.7219 -70.51943496555201
0 580.1224 608.449 188.5548 263.4902 -17.188751454018586
0 871.1561 222.1007 107.9846 129.7569 -9.167342322186983
0 1130.6224 170.2999 132.5019 134.6 -90.0
0 1363.2259 283.2073 159.3088 246.7655 14.896902673401405
0 1435.9834 426.069 144.9948 189.5707 61.35209264336498
0 1414.4224 552.849 174.8 201.4 -90.0
0 1618.2185 718.7089 158.1248 208.386 72.81124854598141
0 979.1224 212.349 139.3607 220.2081 -4.056330730376516
0 1091.2224 398.7235 234.2 419.4509 0.0
