0 601.6316 928.8319 256.4094 281.3426 -55.62253229215061
0 809.2335 1227.0946 320.3401 418.1064 34.996034067347125
0 367.3363 600.6295 140.6879 150.5765 24.637185190625402
0 580.1224 608.449 188.5548 263.4902 -17.188751454018586
0 871.1561 222.1007 107.9846 129.7569 -9.167342322186983
0 1193.5494 181.8102 115.4028 138.4129 10.313240312354818
0 1372.6225 270.949 161.3661 221.9436 14.896902673401405
0 1430.3521 417.3083 174.5419 178.7421 61.35209264336498
0 1407.6224 550.449 170.0 215.0 -90.0
0 1618.2185 718.7089 158.1248 208.386 72.81124854598141
0 984.1724 214.849 161.9232 220.8634 -3.483372935245683
0 1097.6224 408.449 247.0 400.0 0.0
