0 581.0706 1031.1998 244.2286 307.9213 4.0563131302826605
0 327.4318 931.6421 142.5402 153.6132 -1.6732648210255547
0 350.3247 615.5607 128.8827 175.6061 19.48056503444799
0 597.72 606.7112 186.8365 303.7455 -22.918329405326745
0 1302.277 214.27 139.5085 153.734 11.459155902616464
0 936.7028 1484.6727 333.4338 541.7401 28.60226359208042
0 1530.6413 793.7057 186.3038 347.7206 84.2704044485979
0 1418.8577 550.2361 178.994 205.0774 84.2704044485979
0 1473.814 477.572 136.3652 237.2359 88.28110901451367
0 926.0623 222.9176 136.6408 233.1411 -2.9104151401148783
0 1812.3574 1142.7622 140.4993 277.8429 88.89969297410522
