0 599.5423 920.1812 268.3295 273.6964 -55.62253229215061
0 305.8724 902.749 148.5 171.4 0.0
0 377.6388 574.2976 141.1774 180.8923 25.210142985756224
0 599.2451 600.5611 153.8831 280.3951 -22.34537161019591
0 968.7943 238.9554 110.4974 182.69 -9.167342322186983
0 1135.5724 193.7499 132.9 183.0019 0.0
0 1401.431 309.3643 138.7093 252.0034 32.0856365273261
0 1484.744 485.1236 195.609 218.2637 72.81124854598141
0 1416.1224 553.449 176.0 198.0 -90.0
0 1623.9808 714.7931 154.0487 221.7102 72.81124854598141
0 1137.5145 647.2053 321.5372 481.0466 2.8191628111933653
0 1092.1224 426.299 260.0 292.3 0.0
