0 581.3333 1039.3621 242.0469 318.9205 4.0563131302826605
0 329.6413 934.9057 146.7668 160.2666 -1.6732648210255547
0 348.0646 621.3449 129.2862 163.1925 19.48056503444799
0 598.4776 602.6552 182.282 296.8639 -22.918329405326745
0 1229.1979 197.8773 129.078 161.8921 11.459155902616464
0 1056.0222 1452.8262 307.1641 508.7306 5.1109939917166685
0 1500.0757 808.9181 184.0191 370.7386 84.2704044485979
0 1418.8577 550.2361 178.994 205.0774 84.2704044485979
0 1479.314 472.072 147.0303 248.5608 88.28110901451367
0 951.0096 250.7026 144.6125 192.5868 -2.9104151401148783
0 1356.6319 1103.6768 356.0209 429.6931 -74.48453096710085
