0 581.9708 1035.3177 241.3473 310.7617 4.0563131302826605
0 325.9424 922.3947 152.7791 162.0298 -1.6732648210255547
0 340.9708 647.4176 132.1722 149.5736 19.48056503444799
0 600.9776 600.6552 176.119 295.1267 -22.918329405326745
0 1206.1618 222.617 105.3895 122.102 5.729577951308232
0 1313.8367 306.8511 167.2227 229.8977 1.7188733853924696
0 1496.5757 809.418 193.0739 370.6422 84.2704044485979
0 1418.8577 550.2361 178.994 205.0774 84.2704044485979
0 1414.4314 415.9623 151.2085 166.1685 -18.907624839411028
0 974.7245 246.211 115.7995 199.2611 -2.9104151401148783
