0 601.6316 928.8319 256.4094 281.3426 -55.62253229215061
0 318.7702 1024.1819 178.7554 235.5678 53.94926747112507
0 368.8027 603.6616 160.2932 166.0677 25.210142985756224
0 600.9933 602.1746 170.2119 302.1452 -17.188751454018586
0 1619.4688 1229.1842 176.7379 360.6899 -76.77636214762418
0 1125.1239 744.1198 299.8338 540.6584 0.0
0 1361.9318 286.9789 138.8024 259.8297 20.626480624709636
0 1664.4024 658.3685 165.8397 328.9011 72.81124854598141
0 1412.4825 553.1458 181.3937 212.7203 -90.0
0 1589.0776 842.9637 193.0816 476.0868 65.36279720928076
0 811.1385 205.1233 144.8523 200.2663 -14.369571042731309
0 1690.9337 960.4447 190.19 408.8733 67.08167059467326
