0 582.5338 1034.7263 250.2365 300.0064 4.0563131302826605
0 324.4318 933.6421 148.6545 149.7901 -1.6732648210255547
0 342.34 636.0387 132.0275 175.5336 25.210142985756224
0 576.5546 620.0404 187.2877 298.067 -22.918329405326745
0 939.614 1461.4022 278.5017 510.0006 12.032113697747286
0 1538.961 1337.7305 209.9659 511.6909 -50.511538300433955
0 1531.3828 795.4645 175.5267 344.377 84.2704044485979
0 1414.6422 556.4801 181.9105 217.198 84.2704044485979
0 1430.4252 430.5893 134.4886 167.4504 71.09237516058897
0 1121.5441 195.6833 126.9122 184.414 2.8191628111933653
0 1164.8755 440.5044 168.0745 446.6264 11.459155902616464
