0 601.6316 928.8319 256.4094 281.3426 -55.62253229215061
0 309.8829 1029.7052 180.2846 214.6962 53.94926747112507
0 376.083 589.7245 139.8004 153.6283 25.210142985756224
0 600.9933 602.1746 170.2119 302.1452 -17.188751454018586
0 1485.1154 1256.4643 197.5179 393.6005 -71.00862520716021
0 1066.1966 280.6057 153.7657 319.7782 0.0
0 1381.1118 302.3123 138.8024 259.8297 26.35605857601787
0 1640.6517 615.9743 165.6835 321.6153 56.73027129316273
0 1412.4825 553.1458 181.3937 212.7203 -90.0
0 1573.8322 815.3647 200.6297 464.3086 66.54687178869813
0 853.2493 211.3625 125.5351 200.2709 -13.147222882599237
0 1676.1165 957.532 186.815 372.4412 72.81124854598141
