0 580.8838 1030.9617 244.6909 308.0557 4.0563131302826605
0 327.4318 931.6421 142.5402 153.6132 -1.6732648210255547
0 354.5005 619.5079 118.3764 183.022 19.48056503444799
0 597.72 606.7112 186.8365 303.7455 -22.918329405326745
0 1271.5012 204.6256 138.8709 153.3645 11.459155902616464
0 1481.6761 1344.755 256.5634 502.8975 -43.06308696373324
0 1522.1111 796.8449 180.96 342.0984 84.2704044485979
0 1418.8577 550.2361 178.994 205.0774 84.2704044485979
0 1477.5564 480.628 130.0315 244.534 88.28110901451367
0 926.0623 222.9176 136.6408 233.1411 -2.9104151401148783
0 1649.3403 1091.7849 270.9199 441.2844 -88.23551805024061
