0 586.1338 1031.7263 256.9941 306.5007 4.0563131302826605
0 324.4318 933.6421 148.6545 149.7901 -1.6732648210255547
0 341.84 636.2387 132.0275 175.5336 25.210142985756224
0 576.5546 620.0404 187.2877 298.067 -22.918329405326745
0 937.8986 1473.9499 282.8716 521.8838 11.459155902616464
0 1543.0849 1334.7434 218.5188 513.6173 -50.511538300433955
0 1533.111 793.1289 179.8295 348.2824 84.2704044485979
0 1413.896 558.8961 178.4649 217.1615 84.2704044485979
0 1430.4252 430.5893 134.4886 167.4504 71.09237516058897
0 1121.9597 194.5671 127.3314 183.401 6.256909581978277
0 1141.1452 434.3204 163.7859 446.3365 8.021409131831525
