0 602.7802 1065.2998 200.1773 394.1061 34.37746770784939
0 314.1224 906.449 132.0 156.0 0.0
0 370.5855 606.4736 127.9156 151.3728 19.48056503444799
0 588.6889 632.2472 166.8458 316.3487 -22.918329405326745
0 942.6224 274.949 129.0 129.0 0.0
0 1209.0224 200.249 127.0 174.0 8.021409131831525
0 1356.838 293.5756 148.0288 288.177 14.896902673401405
0 1481.1225 475.949 196.4307 232.3273 72.81124854598141
0 1419.1224 556.449 178.0 200.0 -90.0
0 1625.5643 715.5466 162.168 206.0088 72.81124854598141
0 1575.7035 946.2534 207.4511 478.4831 81.97857326807463
0 1104.1224 440.949 258.0 323.0 0.0
