0 598.7802 1066.2998 200.1773 394.1061 34.37746770784939
0 318.1224 901.949 149.0 156.0 -90.0
0 389.1225 591.449 139.3199 140.7479 -64.78985701424378
0 593.2393 622.9427 193.863 324.0898 -22.918329405326745
0 942.6224 274.949 129.0 129.0 0.0
0 1181.5561 192.9419 125.4674 177.3744 8.594366926962348
0 1401.431 309.3643 138.7093 252.0034 32.0856365273261
0 1497.5858 489.0447 205.2931 240.4825 72.81124854598141
0 1417.1224 556.449 178.0 196.0 -90.0
0 1620.5048 704.207 148.8262 221.0912 72.81124854598141
0 1568.5795 879.0715 209.5424 441.902 71.6653329557198
0 1098.6224 439.949 261.0 321.0 0.0
