0 601.6316 928.8319 256.4094 281.3426 -55.62253229215061
0 320.992 1022.8011 178.3732 240.7857 53.94926747112507
0 367.6935 594.0772 164.0454 172.8151 25.210142985756224
0 600.9933 602.1746 170.2119 302.1452 -17.188751454018586
0 1694.9843 1054.8974 145.8163 341.6942 89.47265076923611
0 1507.8403 1332.1712 266.5889 453.6406 -63.02537506448442
0 1291.2329 227.1084 149.6447 218.7607 11.459155902616464
0 1665.4279 804.1779 183.9382 288.911 -55.62253229215061
0 1412.4825 553.1458 181.3937 212.7203 -90.0
0 1588.3718 838.1063 170.1528 470.8068 67.65462838980409
0 836.6782 197.917 163.4084 193.5665 -10.931824271946397
0 1088.8639 465.0265 266.2461 469.8477 -1.7600093883629597e-05
