0 581.9708 1035.3177 241.3473 310.7617 4.0563131302826605
0 326.4234 923.3585 151.8736 160.075 -1.6732648210255547
0 340.9708 647.1176 132.1722 149.5736 19.48056503444799
0 600.9776 600.6552 176.119 295.1267 -22.918329405326745
0 1205.0543 222.6619 103.1945 121.7915 5.729577951308232
0 1309.5426 308.2066 171.8758 227.5033 1.1459155902616465
0 1496.5757 809.418 193.0739 370.6422 84.2704044485979
0 1418.8577 550.2361 178.994 205.0774 84.2704044485979
0 1413.3124 415.7609 149.2218 166.423 -18.907624839411028
0 974.7245 246.211 115.7995 199.2611 -2.9104151401148783
