0 604.4931 1073.2471 215.6667 352.0695 32.70420288682379
0 326.9318 934.6421 148.6545 149.7901 -1.6732648210255547
0 340.0446 648.8317 139.5065 151.2171 25.210142985756224
0 580.6715 617.5713 207.0755 309.897 -20.053540429672694
0 968.2 1480.6547 374.5023 506.6728 2.864788975654116
0 1415.2528 307.0271 142.3049 229.5325 17.761691649055518
0 1543.896 796.3961 182.5221 345.6115 84.2704044485979
0 1415.9493 557.4494 175.996 221.5364 84.2704044485979
0 1430.4252 430.5893 134.4886 167.4504 71.09237516058897
0 959.5121 224.2 131.3387 242.1449 -8.639993091423094
0 1127.396 424.981 172.8934 443.9366 5.729577951308232
