0 601.6316 928.8319 256.4094 281.3426 -55.62253229215061
0 319.43 1017.1128 238.256 340.5 84.2704044485979
0 363.5888 612.199 156.8569 166.7905 -70.51943496555201
0 580.1224 608.449 188.5548 263.4902 -17.188751454018586
0 859.1561 222.1007 107.9846 129.7569 -9.167342322186983
0 1123.5224 168.6999 126.8 130.1019 0.0
0 1344.1768 282.1718 146.1439 232.8423 14.896902673401405
0 1437.1733 437.8093 172.2372 182.0359 68.22758618493486
0 1416.1224 553.449 176.0 198.0 -90.0
0 1618.2185 718.7089 158.1248 208.386 72.81124854598141
0 997.5735 274.5998 149.0718 309.3099 0.5273316306700622
0 1110.3139 394.8317 172.4966 414.9925 3.437746770784939
