0 581.9708 1035.3177 241.3473 310.7617 4.0563131302826605
0 323.1305 949.7822 150.9226 157.3435 88.32673517897445
0 340.9708 648.3176 132.1722 149.5736 19.48056503444799
0 599.3081 601.418 184.4671 294.2837 -22.918329405326745
0 1209.4844 222.4822 111.9745 123.0337 5.729577951308232
0 1333.9898 314.7301 138.6725 154.1479 16.615776058793873
0 1494.499 808.6133 191.058 366.6702 84.2704044485979
0 1419.2371 553.9556 171.5164 205.0651 84.2704044485979
0 1499.9261 435.3308 189.4773 206.5791 33.85011847708546
0 985.4009 243.8114 125.2823 196.9404 -2.9104151401148783
