0 601.6316 928.8319 256.4094 281.3426 -55.62253229215061
0 320.992 1022.8011 178.3732 240.7857 53.94926747112507
0 362.0656 618.6673 166.3341 194.2145 25.210142985756224
0 600.9933 602.1746 170.2119 302.1452 -17.188751454018586
0 1689.4557 1091.1566 164.9354 335.5131 -83.65185568919406
0 1462.7569 1373.4195 238.9141 496.5261 -38.96114766898984
0 1293.932 231.6359 156.9879 233.3542 14.896902673401405
0 1655.7413 809.2281 160.6452 284.8819 -55.62253229215061
0 1412.4825 553.1458 181.3937 212.7203 -90.0
0 1577.0776 806.9637 193.0816 476.0868 71.09237516058897
0 822.2143 200.5676 162.7873 194.6559 -14.369571042731309
0 1136.6145 737.7577 381.2219 459.692 -8.59438452705615
