0 1471.1509 1365.9211 211.734 477.2246 -44.163376389534136
0 317.49 992.2813 142.0059 210.9579 65.40842337374147
0 331.6991 695.4356 161.9486 178.8825 8.021409131831525
0 601.8483 609.3494 172.819 316.3594 -17.188751454018586
0 701.097 1406.74 248.58 508.3824 42.398876839680916
0 1334.6827 304.6209 147.8117 216.6232 14.896902673401405
0 1505.1884 806.7604 212.4638 407.4126 83.69744665346707
0 1425.6328 551.8236 180.7453 204.4326 84.2704044485979
0 1433.1456 433.4321 147.684 164.3305 71.09237516058897
0 847.7003 204.9074 128.1528 189.07 -9.212950886553926
0 1052.1494 393.8494 239.0 416.0 0.0
