0 602.0316 916.8319 268.4514 276.6692 34.37746770784939
0 304.0224 913.349 153.0 155.0 0.0
0 361.7724 590.0636 153.4892 154.3492 -70.51943496555201
0 610.4381 603.7422 151.6846 245.1905 -17.188751454018586
0 913.5417 248.9853 108.619 189.9033 -10.313257912448648
0 1130.9224 179.1999 113.6 156.7019 0.0
0 1398.031 307.6643 140.6821 251.1158 32.0856365273261
0 1459.7461 448.951 163.3576 191.8803 72.81124854598141
0 1416.1224 553.449 176.0 198.0 -90.0
0 1623.9808 714.7931 154.0487 221.7102 72.81124854598141
0 1121.4789 637.5236 332.6866 488.4926 1.673247220931728
0 1100.7224 378.849 176.4 352.8 0.0
