0 580.8838 1030.9617 244.6909 308.0557 4.0563131302826605
0 327.4318 931.6421 142.5402 153.6132 -1.6732648210255547
0 342.8184 635.0369 132.2693 194.5628 19.48056503444799
0 597.72 606.7112 186.8365 303.7455 -22.918329405326745
0 1286.2275 218.9829 132.7575 157.1695 15.469860468532227
0 1525.7136 1347.1482 218.1341 496.9114 -50.511538300433955
0 1524.8838 798.9617 176.1939 347.1935 84.2704044485979
0 1418.8577 550.2361 178.994 205.0774 84.2704044485979
0 1471.0113 473.6246 138.4083 231.8698 88.28110901451367
0 926.0623 222.9176 136.6408 233.1411 -2.9104151401148783
0 1394.9022 1038.3873 327.4776 441.7609 -61.879459474222756
