0 1106.8758 1220.3224 345.1369 409.3081 -67.08168819476707
0 311.74 989.8092 143.8984 190.2981 88.32673517897445
0 426.2465 486.102 205.1369 329.2308 30.939720937064454
0 597.8012 609.3241 180.5366 313.919 -17.188751454018586
0 743.5764 1441.635 314.3977 516.582 22.91831180523293
0 1266.0013 213.523 133.959 169.7407 12.032113697747286
0 1641.3342 932.8066 200.4088 455.3413 78.54082649728974
0 1414.4825 549.1458 181.3937 212.7203 -90.0
0 1423.9282 424.6169 146.8384 149.7552 -24.637202790719243
0 871.1418 202.644 130.06 187.2485 -8.639993091423094
0 1063.4494 396.1994 208.0 413.5 0.0
