0 601.6316 928.8319 256.4094 281.3426 -55.62253229215061
0 449.6993 1237.1556 235.5693 433.4753 85.46194620332034
0 366.1607 592.6668 143.2708 149.5744 -64.78985701424378
0 584.2883 604.6812 201.4418 274.4319 -17.188751454018586
0 871.5452 245.0926 131.1748 176.6567 -9.167342322186983
0 1163.2548 185.7831 135.12 152.3678 5.729577951308232
0 1343.1082 291.0351 136.2193 240.2056 12.032113697747286
0 1429.1723 434.1835 151.38 169.0974 61.35209264336498
0 1408.6224 550.949 171.0 217.0 -90.0
0 1635.4623 715.9224 153.6143 241.6755 76.82195311189724
0 953.8914 219.3624 107.2313 220.7315 -8.639993091423094
0 1099.025 413.8467 245.1949 393.7954 0.0
