0 595.8716 990.4598 226.8623 285.7838 45.83662361046586
0 307.896 1019.1582 104.425 201.9121 43.71790282769442
0 365.6449 616.1263 123.8368 183.1164 27.711161057281778
0 580.7709 618.5342 208.7876 303.526 -17.188751454018586
0 1650.3823 1181.4546 120.9727 354.3736 -76.99007540520796
0 1512.5896 1325.496 182.9491 455.7089 -54.06723723339354
0 932.6166 395.7367 177.0733 457.5157 -16.665812874402604
0 1711.9453 846.7547 175.7702 374.2926 78.81366899933096
0 1413.2633 547.5596 168.5661 208.2819 -90.0
0 1598.2392 785.1703 192.4094 441.4981 65.13544755617283
0 798.2208 187.2984 124.2239 125.9954 69.90085100596043
0 1134.7517 422.2437 202.762 446.4146 -1.7600093883629597e-05
