0 1475.9009 1358.9711 210.7277 478.3414 -44.163376389534136
0 317.49 992.2813 142.0059 210.9579 65.40842337374147
0 346.0207 611.8907 138.5886 178.9806 19.48056503444799
0 601.8483 609.3494 172.819 316.3594 -17.188751454018586
0 691.0035 1411.013 241.3158 509.8797 40.10704565915762
0 1369.5164 293.4069 149.0076 251.0289 18.334649444186343
0 1530.9494 802.4494 170.4317 354.7873 84.2704044485979
0 1425.6328 551.8236 180.7453 204.4326 84.2704044485979
0 1429.7176 431.0745 141.0015 159.3724 71.09237516058897
0 863.9994 196.4602 126.6386 185.7101 -4.629288525507349
0 1041.8741 398.3948 233.7863 416.3721 -5.729595551402099
