0 573.9296 1005.3638 219.2348 358.7115 67.08167059467326
0 323.5103 916.1791 161.4341 176.5103 -1.6732648210255547
0 337.5346 652.5034 138.0924 159.9992 25.210142985756224
0 593.4269 611.4357 187.6409 315.6838 -17.188751454018586
0 1076.7655 1478.5756 313.0592 497.9794 -13.751004683233589
0 1343.9493 265.5768 156.3612 248.0197 19.48056503444799
0 1540.5368 795.5155 180.0991 339.1024 84.2704044485979
0 1415.9493 557.4494 175.996 221.5364 84.2704044485979
0 1436.0252 429.7893 134.4886 167.4504 71.09237516058897
0 967.5121 220.2 131.3387 242.1449 -2.9104151401148783
0 1128.296 425.981 169.8933 433.9366 -1.7600093883629597e-05
