0 591.2134 1019.1753 259.3021 315.7892 6.348144310805935
0 324.4318 933.6421 148.6545 149.7901 -1.6732648210255547
0 341.84 636.2387 132.0275 175.5336 25.210142985756224
0 576.5546 620.0404 187.2877 298.067 -22.918329405326745
0 949.09 1485.4569 295.2022 527.9985 6.875493541569878
0 1527.0607 1345.4356 238.1587 511.9512 -43.636044758864074
0 1534.2631 791.5718 182.6981 350.886 84.2704044485979
0 1413.896 558.8961 178.4649 217.1615 84.2704044485979
0 1430.4252 430.5893 134.4886 167.4504 71.09237516058897
0 1119.1597 194.1671 127.3314 183.401 6.256909581978277
0 1126.3452 429.5204 163.7859 446.3365 5.729577951308232
