0 601.6316 928.8319 256.4094 281.3426 -55.62253229215061
0 401.732 1210.2327 219.4684 405.9493 87.75377738384361
0 360.1914 597.241 151.7542 154.7204 -64.78985701424378
0 591.3448 605.2993 195.3201 285.7067 -17.188751454018586
0 876.1185 243.756 123.6036 174.5217 -9.167342322186983
0 1153.439 185.0933 126.1163 149.6349 5.729577951308232
0 1354.6564 289.007 140.7904 252.9176 14.32394487827058
0 1427.1565 432.4937 156.2787 167.1796 61.35209264336498
0 1407.8224 550.549 170.2 215.4 -90.0
0 1637.595 717.5086 153.8601 244.6417 76.82195311189724
0 954.7748 219.7223 108.2411 221.4525 -13.2236554524697
0 1096.025 415.8467 239.1949 390.5954 0.0
