0 601.6316 928.8319 256.4094 281.3426 -55.62253229215061
0 312.5564 1030.2391 164.6505 217.8521 57.38701424190998
0 376.083 589.7245 139.8004 153.6283 25.210142985756224
0 600.9933 602.1746 170.2119 302.1452 -17.188751454018586
0 1080.1446 522.9529 173.2569 397.4853 -3.437764370878824
0 1180.9529 190.5939 127.8917 163.6747 5.729577951308232
0 1328.4055 283.8029 130.5154 214.9061 20.626480624709636
0 1453.6205 370.859 173.1721 217.9628 25.82870934525397
0 1412.4825 553.1458 181.3937 212.7203 -90.0
0 1627.6952 730.9114 200.7281 348.5329 68.8005439800657
0 965.9287 215.2528 118.3156 213.8545 -4.056330730376516
0 1316.4454 1001.5184 355.1299 496.1281 -85.41633763895341
