0 581.3333 1039.3621 242.0469 318.9205 4.0563131302826605
0 329.6413 934.9057 146.7668 160.2666 -1.6732648210255547
0 348.0646 621.3449 129.2862 163.1925 19.48056503444799
0 593.4776 605.1552 193.4397 297.575 -22.918329405326745
0 1232.1979 197.8773 129.078 161.8921 9.740282517223996
0 840.1062 1486.1263 311.4745 541.6546 19.434938869987235
0 1500.0757 808.9181 184.0191 370.7386 84.2704044485979
0 1418.8577 550.2361 178.994 205.0774 84.2704044485979
0 1470.9602 468.3909 154.8903 232.0816 88.28110901451367
0 934.4451 222.8534 136.4911 238.5407 -10.358866476815592
0 1356.6319 1103.6768 356.0209 429.6931 -80.21410891840912
