0 620.4333 1004.6105 228.2519 317.4512 37.2878652478704
0 324.4318 933.6421 148.6545 149.7901 -1.6732648210255547
0 340.0446 648.8317 139.5065 151.2171 25.210142985756224
0 581.5149 617.0038 213.6166 290.8712 -22.918329405326745
0 965.8961 1475.8961 315.3067 518.8781 11.459155902616464
0 1683.1944 911.379 221.2111 445.0699 85.94366926962348
0 1516.2427 796.2428 181.7963 309.3964 84.2704044485979
0 1415.9493 557.4494 175.996 221.5364 84.2704044485979
0 1430.4252 430.5893 134.4886 167.4504 71.09237516058897
0 1020.3533 214.3563 95.7122 219.0032 0.5273316306700622
0 1122.396 424.981 172.8934 443.9366 5.729577951308232
