0 596.4978 1005.1398 288.2289 344.8122 34.37746770784939
0 318.0206 990.4758 146.6571 197.9821 64.26250778347986
0 372.2065 566.3817 178.6824 195.1684 30.939720937064454
0 597.8012 609.3241 180.5366 313.919 -17.188751454018586
0 1047.1854 1438.158 300.4888 508.2135 -6.875511141663708
0 967.3367 358.6918 191.5475 437.166 -5.729595551402099
0 1587.1959 902.3457 226.6654 473.1701 80.83265767781302
0 1414.4825 549.1458 181.3937 212.7203 -90.0
0 1413.6008 385.1211 155.7081 209.5522 30.98532950143135
0 881.8672 192.2802 127.8981 172.7172 -6.348161910899819
0 1100.7043 415.8647 192.7844 448.8578 5.729577951308232
