0 602.4967 1002.6001 245.1533 320.5065 34.37746770784939
0 322.2077 990.9202 148.4963 203.1047 48.219689519816825
0 340.5247 602.0937 168.9699 198.6125 -62.49802583372049
0 597.8012 609.3241 180.5366 313.919 -17.188751454018586
0 1307.0625 1390.6813 279.6481 491.3285 -29.793822946896682
0 908.9362 419.5808 205.658 477.3493 -11.459173502710257
0 1617.6365 912.037 222.4915 455.2678 81.97857326807463
0 1414.4825 549.1458 181.3937 212.7203 -90.0
0 1413.4427 353.7251 143.9214 235.1735 14.942511237768315
0 882.3552 193.4693 133.9173 179.2297 -8.639993091423094
0 1120.2193 421.9263 200.1896 448.2385 2.291831180523293
