0 603.4316 920.3319 272.4729 274.7148 -55.62253229215061
0 305.4224 921.749 153.0 155.0 0.0
0 365.2724 586.5636 158.6141 162.4229 19.48056503444799
0 610.4381 603.7422 151.6846 245.1905 -17.188751454018586
0 891.101 253.4416 111.6607 179.8715 -14.323962478364479
0 1130.2224 170.7999 112.2 137.1019 0.0
0 1386.131 301.7143 147.5871 248.009 32.0856365273261
0 1457.9344 446.7115 168.7075 189.7424 72.81124854598141
0 1416.1224 553.449 176.0 198.0 -90.0
0 1623.9808 714.7931 154.0487 221.7102 72.81124854598141
0 1106.5673 620.506 304.3456 518.4054 -2.3374573449840454
0 1111.5724 355.749 174.3 306.6 0.0
