0 601.6316 928.8319 256.4094 281.3426 -55.62253229215061
0 320.992 1022.8011 178.3732 240.7857 53.94926747112507
0 361.4963 607.7337 163.0567 167.8601 25.210142985756224
0 600.9933 602.1746 170.2119 302.1452 -17.188751454018586
0 1694.1758 1080.5747 147.0909 341.2821 -84.41578031744194
0 1503.4878 1347.4245 264.6536 456.5025 -61.49746851220908
0 1308.8837 234.7728 159.6372 228.6167 14.514911711387683
0 1671.6888 810.9279 182.3853 288.6424 -55.62253229215061
0 1412.4825 553.1458 181.3937 212.7203 -90.0
0 1584.483 833.4533 161.6918 473.4773 70.7103841985753
0 832.8115 198.0503 163.4084 193.5665 -13.987580080717606
0 1080.7483 536.3008 308.1476 532.2632 -0.38200856210755774
