0 599.2664 1037.2047 227.5994 342.1189 32.70420288682379
0 321.0078 921.719 157.0945 163.8887 -1.6732648210255547
0 337.5346 652.5034 138.0924 159.9992 25.210142985756224
0 604.6804 607.4335 163.7737 314.6883 -17.188751454018586
0 1089.5609 1477.3978 311.3567 497.2715 -11.459173502710257
0 1324.0024 258.9839 153.7677 247.1815 14.32394487827058
0 1540.8727 795.6036 180.3414 339.7533 84.2704044485979
0 1415.9493 557.4494 175.996 221.5364 84.2704044485979
0 1434.4252 430.5893 134.4886 167.4504 71.09237516058897
0 967.5121 220.2 131.3387 242.1449 -2.9104151401148783
0 1125.746 424.481 170.1933 434.9366 -1.7600093883629597e-05
