0 561.7155 994.6426 217.9852 325.5063 -80.83267527790683
0 317.3404 1024.9155 132.9325 187.5857 53.86739180220087
0 358.8687 608.4591 142.0786 158.2106 -64.10775075914053
0 604.9287 600.8877 154.7541 300.4645 -17.188751454018586
0 1672.2333 1104.2842 120.5709 334.7244 -78.91813568160268
0 1508.7766 1330.3585 199.9204 454.9252 -52.24832541697123
0 999.0982 323.8046 171.4752 388.4459 -3.795175443481412
0 1684.5725 789.9968 135.3349 367.6894 52.675850047478434
0 1415.4825 541.1458 181.3937 212.7203 -90.0
0 1594.5279 740.5532 176.5552 436.7426 61.13385301919965
0 809.9958 213.059 123.6366 193.4211 -20.09914899403958
0 1120.9595 417.8949 190.7432 436.9336 4.583662361046586
