0 581.9708 1035.3177 241.3473 310.7617 4.0563131302826605
0 324.5514 908.233 169.8447 240.2203 -1.6732648210255547
0 340.9708 648.3176 132.1722 149.5736 19.48056503444799
0 604.3932 598.0689 170.7459 298.9147 -22.918329405326745
0 1209.4844 222.4822 111.9745 123.0337 5.729577951308232
0 1389.6217 347.0378 138.1881 152.4584 -69.37351937529036
0 1490.3602 809.9857 192.9627 358.1598 84.2704044485979
0 1419.2371 553.9556 171.5164 205.0651 84.2704044485979
0 1435.1581 426.705 138.8159 166.2826 71.09237516058897
0 974.7245 246.211 115.7995 199.2611 -2.9104151401148783
