0 565.564 998.3948 211.4429 335.7128 -87.70816881947671
0 316.9289 1017.9484 140.4965 181.3891 57.91906285046849
0 359.8926 606.7064 126.4074 152.8284 -64.44883253458191
0 606.1287 603.5877 155.4511 294.5965 -17.188751454018586
0 1680.2352 1063.8867 139.339 331.2946 -87.87403897729257
0 1507.5866 1332.232 197.5042 453.6 -51.90724364152976
0 1006.3436 319.1872 159.3927 392.1733 -4.819681276954839
0 1778.6046 690.0948 106.425 133.2186 66.75428251053546
0 1415.4825 541.1458 181.3937 212.7203 -90.0
0 1630.9453 720.8037 177.8783 358.4053 60.38350749069633
0 812.7734 211.3088 114.2838 183.2456 -20.09914899403958
0 1105.393 412.7581 195.8286 437.7935 1.1459155902616465
