0 576.6766 1044.1549 250.2365 300.0064 4.0563131302826605
0 327.4318 931.6421 142.5402 153.6132 -1.6732648210255547
0 346.84 634.2387 132.0275 175.5336 25.210142985756224
0 582.7302 617.2772 173.7594 297.7866 -22.918329405326745
0 1043.2655 796.0808 381.5978 413.8642 46.65515111658975
0 1534.0257 1340.0406 263.365 495.4535 -50.511538300433955
0 1534.7472 798.4152 163.013 350.4831 84.2704044485979
0 1416.8577 552.2361 178.994 205.0774 84.2704044485979
0 1420.4459 426.8666 131.856 151.4154 69.45532014834117
0 1123.2039 200.3291 123.1396 193.5312 2.8191628111933653
0 1525.1355 1066.3122 182.5438 497.5125 89.96373289544272
