0 1467.9349 1365.8051 219.6865 475.0325 -44.163376389534136
0 317.49 992.2813 142.0059 210.9579 65.40842337374147
0 331.7494 646.6493 148.3849 153.2576 19.48056503444799
0 601.8483 609.3494 172.819 316.3594 -17.188751454018586
0 677.5702 1399.4287 285.4541 531.6515 45.83662361046586
0 1316.8265 258.181 147.217 252.6082 9.167324722093172
0 1532.1334 802.7334 171.2333 352.4878 84.2704044485979
0 1425.6328 551.8236 180.7453 204.4326 84.2704044485979
0 1429.7176 431.0745 141.0015 159.3724 71.09237516058897
0 826.9833 212.3834 146.5014 167.0358 -8.639993091423094
0 1051.2492 395.968 226.4581 416.7891 -5.729595551402099
