0 598.7802 1066.2998 200.1773 394.1061 34.37746770784939
0 313.5315 900.7672 151.3636 157.1818 -90.0
0 389.1225 591.449 139.3199 140.7479 -64.78985701424378
0 589.405 626.5531 177.3925 327.0764 -22.918329405326745
0 932.1679 266.3581 120.345 147.2135 -6.250471482955504
0 1090.288 196.4235 116.498 178.6548 0.0
0 1401.431 309.3643 138.7093 252.0034 32.0856365273261
0 1497.5858 489.0447 205.2931 240.4825 72.81124854598141
0 1417.1224 556.449 178.0 196.0 -90.0
0 1617.5048 706.9797 136.9302 206.9438 72.81124854598141
0 1565.1224 879.949 207.2353 443.0424 68.8005439800657
0 1102.6224 438.949 269.0 319.0 0.0
