0 601.6316 928.8319 256.4094 281.3426 -55.62253229215061
0 320.992 1022.8011 178.3732 240.7857 53.94926747112507
0 366.9826 607.1458 165.4164 169.1776 25.210142985756224
0 600.9933 602.1746 170.2119 302.1452 -17.188751454018586
0 1619.3247 1252.3783 163.0759 360.8065 -73.33861537683919
0 1220.2301 1169.0308 369.4592 430.181 -2.2918487806171015
0 1355.7735 275.8611 125.282 263.8883 20.626480624709636
0 1668.7772 788.4481 179.8475 328.7022 -79.68675968764518
0 1412.4825 553.1458 181.3937 212.7203 -90.0
0 1579.4776 814.1637 193.0816 476.0868 69.9464595703273
0 813.1385 206.3233 154.7284 203.6223 -14.369571042731309
0 1671.0362 1030.6376 247.1419 422.9307 89.99998239990612
