0 581.9708 1035.3177 241.3473 310.7617 4.0563131302826605
0 334.1413 928.9057 148.5345 156.1134 88.32673517897445
0 348.0646 621.3449 129.2862 163.1925 19.48056503444799
0 598.4776 602.6552 182.282 296.8639 -22.918329405326745
0 1294.6801 210.2925 138.3994 152.6871 11.459155902616464
0 1703.4427 839.5217 196.516 396.2614 80.21409131831524
0 1499.2757 803.218 195.5218 370.2848 84.2704044485979
0 1418.8577 550.2361 178.994 205.0774 84.2704044485979
0 1429.5881 429.7406 162.9276 165.7548 -13.178046888102756
0 974.7245 246.211 115.7995 199.2611 -2.9104151401148783
0 1472.1968 1276.7705 208.85 485.5983 -58.441712703437815
