0 601.6316 928.8319 256.4094 281.3426 -55.62253229215061
0 333.2197 921.5705 196.0511 247.1982 -85.08425017702109
0 375.5138 589.9575 140.6108 153.6407 25.210142985756224
0 584.1484 608.6783 174.7632 287.6605 -17.188751454018586
0 987.6352 265.0849 139.8933 203.813 -6.875511141663708
0 1125.7668 181.9253 126.4748 158.0423 5.729577951308232
0 1377.0939 293.6247 162.008 259.5387 20.626480624709636
0 1410.4229 396.733 166.0115 184.151 52.75772571640266
0 1412.4825 553.1458 181.3937 212.7203 -90.0
0 1576.2151 457.3203 232.3283 244.2313 -34.66396420550865
0 957.7326 207.6458 104.5658 194.1006 -8.639993091423094
0 1119.5301 415.7202 194.0846 424.9425 0.0
