0 624.5498 997.4403 228.806 300.5962 38.20459772007973
0 324.4318 933.6421 148.6545 149.7901 -1.6732648210255547
0 340.0446 648.8317 139.5065 151.2171 25.210142985756224
0 581.2684 615.742 206.415 289.6666 -22.918329405326745
0 969.0183 1478.0483 302.0253 516.3671 10.084057194302488
0 1679.857 1002.1556 223.4362 443.602 86.8604017418328
0 1515.9134 795.4422 182.4352 312.6579 84.2704044485979
0 1415.9493 557.4494 175.996 221.5364 84.2704044485979
0 1430.4252 430.5893 134.4886 167.4504 71.09237516058897
0 1042.2187 210.6924 97.6773 210.0612 2.3607965750887274
0 1123.196 424.981 172.8934 443.9366 5.729577951308232
