0 583.8935 1018.5886 243.3347 304.746 34.37746770784939
0 325.0224 894.549 157.0 162.6 0.0
0 385.2447 578.3134 141.6057 182.8275 25.210142985756224
0 581.7225 614.949 178.0659 292.7687 -22.918329405326745
0 963.2422 230.7759 115.0109 166.0305 -6.875511141663708
0 1145.2224 196.2999 135.0 185.3019 3.437746770784939
0 1401.431 309.3643 138.7093 252.0034 32.0856365273261
0 1496.7516 491.9827 210.4137 237.1522 72.81124854598141
0 1408.6224 555.449 180.0 213.0 -90.0
0 1623.9808 714.7931 154.0487 221.7102 72.81124854598141
0 1040.6777 742.9909 353.1382 412.9626 -10.931824271946397
0 1104.6224 442.449 257.0 316.0 0.0
