0 582.0428 1036.3525 241.0573 312.8162 4.0563131302826605
0 329.6413 934.9057 146.7668 160.2666 -1.6732648210255547
0 348.0646 621.3449 129.2862 163.1925 19.48056503444799
0 601.2963 602.633 177.0722 299.0183 -22.918329405326745
0 1259.8868 208.6476 136.1736 158.7085 8.594366926962348
0 689.5986 1429.885 247.2368 544.7855 45.21803965087426
0 1496.0879 805.768 185.7063 376.9625 84.2704044485979
0 1418.8577 550.2361 178.994 205.0774 84.2704044485979
0 1465.6327 472.2998 147.3957 221.197 88.28110901451367
0 926.0623 222.9176 136.6408 233.1411 -2.9104151401148783
0 1356.6319 1103.6768 356.0209 429.6931 -80.21410891840912
