0 601.6316 928.8319 256.4094 281.3426 -55.62253229215061
0 1106.1856 719.3033 379.7032 514.9731 6.921102105936825
0 368.1416 598.8995 137.3508 150.9761 25.210142985756224
0 569.6327 604.2495 202.2938 263.1356 -17.188751454018586
0 866.6561 221.1007 107.9846 129.7569 -9.167342322186983
0 1145.8033 177.4142 125.6383 141.9305 0.0
0 1361.0061 281.0806 129.6943 209.6516 14.896902673401405
0 1435.692 431.2958 147.0118 172.4535 61.35209264336498
0 1407.6224 550.449 170.0 215.0 -90.0
0 1619.7185 717.7089 157.1007 211.8431 72.81124854598141
0 959.2876 205.9545 108.4276 221.7534 -5.775204115768986
0 1093.9923 403.1326 236.5201 389.4564 2.864788975654116
