0 601.6316 928.8319 256.4094 281.3426 -55.62253229215061
0 307.5235 983.7831 170.5255 189.2433 82.18789347460427
0 376.083 589.7245 139.8004 153.6283 25.210142985756224
0 595.3889 605.4529 181.6307 299.293 -17.188751454018586
0 1023.8 363.2353 146.8489 318.1252 -1.391502901348531
0 1195.8108 192.9214 127.8107 163.3528 5.729577951308232
0 1344.0615 258.6585 131.3344 157.2031 20.626480624709636
0 1400.6819 344.3049 164.5394 235.7797 21.24504698420742
0 1412.4825 553.1458 181.3937 212.7203 -90.0
0 1626.2547 619.3103 176.2477 309.6481 55.62251469205677
0 946.8748 203.5709 114.2692 186.059 -8.639993091423094
0 1209.1222 535.1095 261.7345 461.1966 5.729577951308232
