0 601.6316 928.8319 256.4094 281.3426 -55.62253229215061
0 309.8829 1029.7052 180.2846 214.6962 53.94926747112507
0 376.083 589.7245 139.8004 153.6283 25.210142985756224
0 600.9933 602.1746 170.2119 302.1452 -17.188751454018586
0 1522.5755 1272.3813 188.0747 400.1142 -68.56398618267554
0 1050.5449 318.853 177.809 360.7928 0.0
0 1386.1985 307.3456 138.8024 259.8297 26.165091742900763
0 1662.6691 663.2018 165.8397 328.9011 67.08167059467326
0 1412.4825 553.1458 181.3937 212.7203 -90.0
0 1581.1423 825.2554 185.1245 471.8033 68.9915108131828
0 835.9718 209.6566 126.1238 195.4682 -14.369571042731309
0 1667.6182 950.0267 192.9573 359.2738 72.62028171286437
