0 591.3992 984.6762 257.0935 274.3993 34.37746770784939
0 332.6224 889.4157 153.0 155.0 0.0
0 365.4254 596.0709 149.9719 177.6564 25.210142985756224
0 593.9651 612.8302 191.2757 324.5967 -22.918329405326745
0 941.4734 213.0331 107.1127 151.8093 -4.965670923154107
0 1115.5557 193.6332 134.7333 184.5019 0.0
0 1401.431 309.3643 138.7093 252.0034 32.0856365273261
0 1496.7516 491.9827 210.4137 237.1522 72.81124854598141
0 1417.1224 556.449 178.0 196.0 -90.0
0 1624.4911 713.2607 156.6751 223.5909 72.81124854598141
0 1346.39 1027.9388 333.8637 412.4925 -68.76234529522432
0 1110.6224 413.949 269.0 373.0 0.0
