0 601.6316 928.8319 256.4094 281.3426 -55.62253229215061
0 320.992 1022.8011 178.3732 240.7857 53.94926747112507
0 362.0656 618.6673 166.3341 194.2145 25.210142985756224
0 600.9933 602.1746 170.2119 302.1452 -17.188751454018586
0 1688.6557 1090.0566 164.9354 335.5131 -83.65185568919406
0 1453.3613 1378.2674 240.2681 496.4844 -37.81523207872817
0 1296.1989 234.9409 153.0894 236.8596 14.896902673401405
0 1655.7413 809.2281 160.6452 284.8819 -55.62253229215061
0 1412.4825 553.1458 181.3937 212.7203 -90.0
0 1577.0776 806.9637 193.0816 476.0868 71.09237516058897
0 821.3503 201.2183 162.1662 195.7454 -14.369571042731309
0 1145.5496 768.8961 394.1673 437.5505 -11.459173502710257
