0 601.6316 928.8319 256.4094 281.3426 -55.62253229215061
0 311.9933 1030.9675 158.1142 212.7693 53.94926747112507
0 376.083 589.7245 139.8004 153.6283 25.210142985756224
0 600.9933 602.1746 170.2119 302.1452 -17.188751454018586
0 1187.7162 926.9792 262.2483 331.4849 -21.199456019934303
0 1157.5446 202.9192 140.2191 190.0434 4.010704565915763
0 1352.1698 293.8292 153.7117 244.358 22.345354010102106
0 1562.6178 428.8217 166.7367 229.9083 28.693498320908077
0 1412.4825 553.1458 181.3937 212.7203 -90.0
0 1620.8469 805.1511 200.1856 415.1761 69.37350177519647
0 969.8078 221.6894 128.1285 236.1884 -2.9104151401148783
0 1584.2986 1101.8693 254.7401 501.3008 -89.42704220486918
