0 595.9024 991.3356 225.2594 288.3698 45.83662361046586
0 310.0205 1017.7803 102.06 207.4563 43.51324230327367
0 362.5898 613.8403 132.9354 179.8633 27.824835883835732
0 580.3426 616.8233 210.5411 303.5888 -17.188751454018586
0 1659.8175 1181.8037 128.8935 346.1249 -77.44254017602276
0 1514.4129 1321.15 187.7526 455.625 -55.32682765020911
0 925.4721 404.1525 179.4163 461.0411 -17.24106250071395
0 1716.5353 852.8737 161.6986 386.9346 67.6273555987558
0 1413.5353 548.8202 171.8184 207.1132 -90.0
0 1596.5711 788.3944 196.7842 436.587 66.5314592240091
0 797.9733 185.9338 121.5575 126.5549 69.90085100596043
0 1135.0459 423.8095 199.6928 445.5127 1.1459155902616465
