0 601.6316 928.8319 256.4094 281.3426 -55.62253229215061
0 437.7075 1230.4249 231.5441 426.5938 86.03490399845111
0 364.6684 593.8104 145.3916 150.8609 -64.78985701424378
0 586.0524 604.8357 199.9114 277.2506 -17.188751454018586
0 872.6885 244.7584 129.282 176.1229 -9.167342322186983
0 1160.8008 185.6106 132.869 151.6846 5.729577951308232
0 1345.9952 290.5281 137.3621 243.3836 12.605071492878112
0 1428.6683 433.7611 152.6047 168.6179 61.35209264336498
0 1408.4224 550.849 170.8 216.6 -90.0
0 1635.9955 716.3189 153.6757 242.4171 76.82195311189724
0 954.1123 219.4524 107.4837 220.9117 -9.78590868168476
0 1098.275 414.3467 243.6949 392.9954 0.0
