0 601.6316 928.8319 256.4094 281.3426 -55.62253229215061
0 320.992 1022.8011 178.3732 240.7857 53.94926747112507
0 362.973 603.8208 163.12 167.6408 25.210142985756224
0 600.9933 602.1746 170.2119 302.1452 -17.188751454018586
0 1694.5843 1073.6974 145.8163 341.6942 -85.94368686971734
0 1506.2403 1342.5712 266.5889 453.6406 -63.02537506448442
0 1305.521 233.2567 157.1391 226.1527 13.750987083139757
0 1671.0279 809.3779 183.9382 288.911 -55.62253229215061
0 1412.4825 553.1458 181.3937 212.7203 -90.0
0 1585.8292 836.017 162.0531 472.6867 69.9464595703273
0 834.2782 197.917 163.4084 193.5665 -13.2236554524697
0 1084.4829 524.2462 299.0835 531.4873 -1.7600093883629597e-05
