0 600.6241 959.5644 310.7226 343.4709 -55.62253229215061
0 312.7868 989.9203 144.3582 191.5787 84.31603061305867
0 372.2065 568.6317 194.5415 206.0652 30.939720937064454
0 597.8012 609.3241 180.5366 313.919 -17.188751454018586
0 907.0676 1467.7249 296.4496 528.4776 13.178029288008934
0 1010.3807 316.0306 185.3727 404.4081 -2.8648065757479912
0 1580.0717 921.8786 220.4789 444.6201 83.69744665346707
0 1414.4825 549.1458 181.3937 212.7203 -90.0
0 1427.2984 404.866 170.4414 177.5255 59.63321925797254
0 882.096 198.8334 129.6997 184.8266 -3.483372935245683
0 1102.9919 413.0186 211.2975 447.3096 5.729577951308232
