0 580.8838 1030.9617 244.6909 308.0557 4.0563131302826605
0 327.4318 931.6421 142.5402 153.6132 -1.6732648210255547
0 351.7532 616.295 125.6994 178.7964 19.48056503444799
0 597.72 606.7112 186.8365 303.7455 -22.918329405326745
0 1291.1012 210.9256 138.8709 153.3645 11.459155902616464
0 1196.2737 1402.8991 415.4261 450.967 -47.073791529649014
0 1519.8413 791.2057 192.0808 330.2098 84.2704044485979
0 1418.8577 550.2361 178.994 205.0774 84.2704044485979
0 1474.9367 478.4888 134.4651 239.4253 88.28110901451367
0 926.0623 222.9176 136.6408 233.1411 -2.9104151401148783
0 1782.9623 1157.9326 177.0478 311.3795 -84.22481348432484
