0 601.6316 928.8319 256.4094 281.3426 -55.62253229215061
0 871.9618 915.1788 327.8958 392.5877 84.31603061305867
0 368.1416 598.8995 137.3508 150.9761 25.210142985756224
0 570.4835 607.2042 202.4147 256.9873 -17.188751454018586
0 883.2561 220.3007 107.9846 129.7569 -9.167342322186983
0 1192.3175 181.6916 114.0666 139.7757 10.313240312354818
0 1378.36 273.03 148.1376 220.8715 14.896902673401405
0 1446.492 432.0958 135.2521 190.6422 61.35209264336498
0 1407.6224 550.449 170.0 215.0 -90.0
0 1618.2185 718.7089 158.1248 208.386 72.81124854598141
0 976.2554 214.7501 139.3458 219.8029 -3.483372935245683
0 1103.6224 409.449 235.0 402.0 0.0
