0 581.6338 1035.9263 250.2365 300.0064 4.0563131302826605
0 327.4318 931.6421 142.5402 153.6132 -1.6732648210255547
0 346.84 634.2387 132.0275 175.5336 25.210142985756224
0 577.1851 619.8491 185.9772 298.2056 -22.918329405326745
0 975.0602 1169.6559 301.2323 348.1213 -88.28112661460753
0 1520.0875 1346.6615 218.6843 493.8172 -50.511538300433955
0 1540.0211 793.6396 173.6199 361.9316 84.2704044485979
0 1416.8577 552.2361 178.994 205.0774 84.2704044485979
0 1435.9785 434.6426 123.2204 175.3309 71.09237516058897
0 1123.2039 200.3291 123.1396 193.5312 2.8191628111933653
0 1140.2724 604.1879 331.7775 414.0641 -2.2918487806171015
