0 588.0162 987.8125 242.9434 298.7315 -87.70816881947671
0 318.9636 1016.9179 146.8986 192.8534 58.53292983217165
0 369.5617 604.5002 129.4029 156.5673 -64.78985701424378
0 603.0216 598.0251 157.7698 297.307 -17.188751454018586
0 1684.7538 1003.9257 168.7182 335.1537 54.29304214820351
0 1508.6499 1328.9488 198.2998 446.7785 -51.566219161867934
0 1031.8502 197.4919 144.6794 185.4131 -5.752513863207298
0 1735.3726 681.5565 156.2346 209.5458 69.37350177519647
0 1415.4825 541.1458 181.3937 212.7203 -90.0
0 1604.2644 703.7718 191.3765 378.2072 62.93345615792606
0 811.6638 209.7336 124.4879 185.056 -19.732456005155825
0 1088.4206 409.3326 199.0888 432.757 1.1459155902616465
