0 598.7802 1066.2998 200.1773 394.1061 34.37746770784939
0 299.1224 913.199 146.4 161.5 0.0
0 389.1225 591.449 139.3199 140.7479 -64.78985701424378
0 576.5224 630.249 187.4032 322.0435 -22.918329405326745
0 857.5174 242.6593 105.1052 156.3384 -19.48058263454186
0 1090.288 196.4235 116.498 178.6548 0.0
0 1401.431 309.3643 138.7093 252.0034 32.0856365273261
0 1495.5355 490.2261 206.3386 235.8669 72.81124854598141
0 1417.1224 556.449 178.0 196.0 -90.0
0 1617.5048 707.707 135.5406 206.514 72.81124854598141
0 1565.1224 879.949 207.2353 443.0424 68.8005439800657
0 1102.6224 438.949 269.0 319.0 0.0
