0 578.4494 1040.9494 241.2473 287.786 4.0563131302826605
0 327.4318 931.6421 142.5402 153.6132 -1.6732648210255547
0 348.566 630.3565 132.2114 184.0287 25.210142985756224
0 582.2596 617.7271 174.1829 299.453 -22.918329405326745
0 1079.7305 434.2367 231.8177 481.0008 4.583662361046586
0 1536.4737 1339.3153 259.1321 498.3095 -50.511538300433955
0 1533.9338 789.4794 180.9577 350.6485 84.2704044485979
0 1416.8577 552.2361 178.994 205.0774 84.2704044485979
0 1394.0963 412.4909 144.0767 166.049 65.36279720928076
0 1056.9412 202.7015 118.4511 203.1434 -2.9104151401148783
0 1729.8138 1114.5178 131.5945 370.7604 -85.94368686971734
