0 581.9708 1035.3177 241.3473 310.7617 4.0563131302826605
0 319.3144 925.555 158.3633 204.8967 -1.6732648210255547
0 340.9708 648.3176 132.1722 149.5736 19.48056503444799
0 602.3998 598.7516 176.821 298.2408 -22.918329405326745
0 1209.4844 222.4822 111.9745 123.0337 5.729577951308232
0 1346.29 315.5275 139.8605 147.5754 -73.95718173633695
0 1492.099 809.3633 192.0713 361.7444 84.2704044485979
0 1419.2371 553.9556 171.5164 205.0651 84.2704044485979
0 1429.098 420.069 159.6296 175.5874 -18.907624839411028
0 982.748 244.2554 119.9382 197.5579 -2.9104151401148783
