0 593.2232 1011.2621 257.6543 319.5085 8.067017696198434
0 324.4318 933.6421 148.6545 149.7901 -1.6732648210255547
0 341.84 636.2387 132.0275 175.5336 25.210142985756224
0 576.5546 620.0404 187.2877 298.067 -22.918329405326745
0 957.0524 1491.1271 302.4289 526.9539 3.437746770784939
0 1513.6307 1354.1982 248.6121 509.7384 -38.47942460268666
0 1534.2631 791.5718 182.6981 350.886 84.2704044485979
0 1413.896 558.8961 178.4649 217.1615 84.2704044485979
0 1430.4252 430.5893 134.4886 167.4504 71.09237516058897
0 1116.7597 194.1671 127.3314 183.401 4.538036196585836
0 1126.0452 428.6204 163.7859 446.3365 5.729577951308232
