0 601.6316 928.8319 256.4094 281.3426 -55.62253229215061
0 312.6627 904.888 144.7801 150.0864 -84.27042204869177
0 372.1249 600.1482 158.1183 170.4132 -70.51943496555201
0 610.4381 603.7422 151.6846 245.1905 -17.188751454018586
0 871.6474 222.4508 100.5277 149.0718 -14.896920273495255
0 1134.1224 163.0999 117.3019 120.0 -90.0
0 1314.2184 326.8743 181.9243 210.6913 14.896902673401405
0 1455.6756 454.3915 169.4718 189.437 72.81124854598141
0 1416.1224 553.449 176.0 198.0 -90.0
0 1618.2185 718.7089 158.1248 208.386 72.81124854598141
0 1096.8039 577.8616 298.8316 508.3078 -2.9104151401148783
0 1116.6224 303.449 171.0 242.0 0.0
