0 581.9708 1035.3177 241.3473 310.7617 4.0563131302826605
0 334.1413 928.9057 148.5345 156.1134 88.32673517897445
0 348.0646 621.3449 129.2862 163.1925 19.48056503444799
0 598.4776 602.6552 182.282 296.8639 -22.918329405326745
0 1224.7901 231.2662 97.1071 129.9175 -83.69746425356094
0 1601.758 473.2952 191.4661 245.3782 49.847328176381616
0 1499.5757 804.418 193.0739 370.6422 84.2704044485979
0 1418.8577 550.2361 178.994 205.0774 84.2704044485979
0 1413.1469 426.8183 132.2437 159.7466 -13.178046888102756
0 974.7245 246.211 115.7995 199.2611 -2.9104151401148783
0 1781.2488 1177.2622 191.4777 314.0156 -75.05748876223169
