0 601.6316 928.8319 256.4094 281.3426 -55.62253229215061
0 324.8825 1021.5031 165.454 235.6181 53.94926747112507
0 381.9356 588.4378 126.6971 175.7171 8.021409131831525
0 599.7238 594.1383 151.2028 294.0955 -17.188751454018586
0 1702.2417 1014.6176 126.6671 316.7374 76.86757927635796
0 1495.6812 1338.985 223.0216 440.5346 -63.02537506448442
0 1207.0268 197.6888 117.4417 170.6445 9.167324722093172
0 1666.278 790.8552 165.9413 330.9037 68.22758618493486
0 1412.4825 553.1458 181.3937 212.7203 -90.0
0 1604.8643 723.9634 175.0476 385.4578 52.75772571640266
0 842.7994 202.7022 146.9659 183.0061 -8.639993091423094
0 1077.8109 400.0844 174.097 421.1076 5.729577951308232
