0 599.26 952.929 277.744 279.1382 34.37746770784939
0 324.7025 1021.1671 165.3477 234.6565 53.94926747112507
0 369.7892 606.8851 135.0663 154.2896 -64.78985701424378
0 600.9933 602.1746 170.2119 302.1452 -17.188751454018586
0 1678.4782 998.6936 170.9773 340.6716 45.469492103188855
0 1499.3123 1344.0724 213.4355 453.8422 -58.441712703437815
0 1089.6865 166.8956 124.9544 133.326 -3.025234758384613
0 1669.6342 735.8621 171.8275 370.7944 65.93575500441159
0 1415.4825 541.1458 181.3937 212.7203 -90.0
0 1598.6838 664.4924 151.0056 342.947 35.752338356919836
0 818.4475 210.7557 151.3255 183.4393 -15.240466891330186
0 1081.2319 408.6192 201.1776 428.2672 2.291831180523293
