0 567.408 992.9522 236.744 306.845 -70.51943496555201
0 317.6488 1027.0834 128.9409 191.4414 51.16635416439516
0 359.469 609.5766 150.2318 161.075 -63.88040110603262
0 604.5287 599.3877 153.6943 299.7456 -17.188751454018586
0 1653.1557 1131.8339 122.1152 350.5258 -71.80165609140079
0 1508.4165 1330.1697 200.3015 453.9647 -52.47567507007909
0 992.4875 329.5462 179.1041 391.6951 -3.7997591058424405
0 1692.1477 815.806 152.6199 356.5135 64.68069095417752
0 1415.2387 542.0286 179.6282 212.2326 -90.0
0 1584.256 750.9533 177.0011 460.4811 62.779960764610564
0 809.6695 213.0069 128.0278 195.9317 -20.09914899403958
0 1130.0573 420.277 189.6532 436.848 5.729577951308232
