0 581.9708 1035.3177 241.3473 310.7617 4.0563131302826605
0 334.1413 928.9057 148.5345 156.1134 88.32673517897445
0 348.0646 621.3449 129.2862 163.1925 19.48056503444799
0 598.4776 602.6552 182.282 296.8639 -22.918329405326745
0 1234.3218 198.6514 132.0549 161.2359 11.459155902616464
0 1519.5154 1379.0751 277.3941 454.0523 -69.99210333488195
0 1499.5032 808.3092 185.3451 369.7209 84.2704044485979
0 1418.8577 550.2361 178.994 205.0774 84.2704044485979
0 1466.7515 471.7276 148.4725 223.4677 88.28110901451367
0 975.0158 244.8745 123.0715 193.7502 -2.9104151401148783
0 1295.7887 1171.9705 346.2227 386.9132 -53.47605938037748
