0 623.6755 1006.9914 313.3025 325.7171 9.785891081590876
0 324.4318 933.6421 148.6545 149.7901 -1.6732648210255547
0 341.84 636.2387 132.0275 175.5336 25.210142985756224
0 579.446 621.7287 191.2991 303.429 -22.918329405326745
0 971.7625 1488.9189 262.351 524.0659 4.583662361046586
0 1489.0432 1361.8035 225.301 497.8756 -33.32280444650925
0 1534.2631 791.5718 182.6981 350.886 84.2704044485979
0 1415.5386 557.7387 176.4898 220.6614 84.2704044485979
0 1430.4252 430.5893 134.4886 167.4504 71.09237516058897
0 1125.5597 196.5671 127.3314 183.401 7.402825172239943
0 1120.1452 426.1204 163.7859 446.3365 5.729577951308232
