0 578.7333 1036.7621 247.6017 314.1014 4.0563131302826605
0 331.4413 932.5057 150.5054 155.5738 -1.6732648210255547
0 348.0646 621.3449 129.2862 163.1925 19.48056503444799
0 598.4776 602.6552 182.282 296.8639 -22.918329405326745
0 1229.1979 197.8773 129.078 161.8921 11.459155902616464
0 1183.2276 1448.3687 412.5498 455.6573 8.166749800487878
0 1500.0757 808.9181 184.0191 370.7386 84.2704044485979
0 1418.8577 550.2361 178.994 205.0774 84.2704044485979
0 1476.714 475.072 141.1889 243.1832 88.28110901451367
0 953.2539 248.8349 146.6443 193.7561 -2.9104151401148783
0 1362.3921 1079.5873 343.907 437.2895 -79.06819332814746
