0 1466.5747 1342.4747 235.215 503.2203 -44.163376389534136
0 317.49 992.2813 142.0059 210.9579 65.40842337374147
0 346.2192 654.5927 136.1299 163.9313 19.48056503444799
0 601.8483 609.3494 172.819 316.3594 -17.188751454018586
0 704.7747 1427.6747 265.6652 529.7602 45.83662361046586
0 1285.0126 282.5144 197.1611 233.6459 -2.2918487806171015
0 1538.5368 799.5155 180.0991 339.1024 84.2704044485979
0 1420.8328 551.8236 180.7453 204.4326 84.2704044485979
0 1428.6567 430.0994 143.534 160.7478 71.09237516058897
0 837.7546 207.9324 155.0652 174.1097 -14.369571042731309
0 1053.8119 403.8807 237.745 415.736 -1.7600093883629597e-05
