0 601.6316 928.8319 256.4094 281.3426 -55.62253229215061
0 314.6465 1022.3379 180.9882 339.0783 78.54082649728974
0 365.5684 609.3138 163.6174 164.9822 -70.51943496555201
0 577.7224 605.449 201.6269 253.7167 -17.188751454018586
0 859.1561 222.1007 107.9846 129.7569 -9.167342322186983
0 1121.1224 169.0999 122.0 129.3019 0.0
0 1334.7768 280.1718 130.4438 218.7318 14.896902673401405
0 1457.4446 448.576 179.5378 200.5443 72.81124854598141
0 1416.1224 553.449 176.0 198.0 -90.0
0 1618.2185 718.7089 158.1248 208.386 72.81124854598141
0 963.0161 352.6047 149.9275 394.9055 -0.6185839595915752
0 1124.6177 386.8126 161.5959 404.178 2.291831180523293
