0 609.4542 1005.1701 284.6546 324.4724 9.785891081590876
0 324.4318 933.6421 148.6545 149.7901 -1.6732648210255547
0 341.84 636.2387 132.0275 175.5336 25.210142985756224
0 578.0003 620.8846 189.2934 300.748 -22.918329405326745
0 968.3887 1492.8581 286.0033 524.9875 2.291831180523293
0 1494.6219 1362.3822 242.1833 502.7006 -33.32280444650925
0 1534.2631 791.5718 182.6981 350.886 84.2704044485979
0 1414.7173 558.3174 177.4773 218.9114 84.2704044485979
0 1430.4252 430.5893 134.4886 167.4504 71.09237516058897
0 1119.9597 195.3671 127.3314 183.401 5.1109939917166685
0 1122.9452 426.9204 163.7859 446.3365 5.729577951308232
