0 601.6316 928.8319 256.4094 281.3426 -55.62253229215061
0 777.2944 1163.7552 356.7473 496.0597 44.781942749031884
0 386.1224 567.249 140.1134 166.1453 25.210142985756224
0 570.8437 609.2997 215.6701 252.7707 -17.188751454018586
0 871.2325 241.2445 142.1361 170.9775 -13.178046888102756
0 1175.6683 184.6754 141.0554 153.5818 7.448451336700702
0 1333.8222 287.6989 128.609 220.7143 10.886198107485642
0 1431.692 436.2958 145.2566 171.4946 61.35209264336498
0 1407.6224 550.449 170.0 215.0 -90.0
0 1627.2804 715.3618 152.3928 226.8513 75.6187417421225
0 970.4056 217.2006 123.1745 218.7791 -2.9104151401148783
0 1102.6292 410.5274 237.6034 386.4341 1.7188733853924696
