0 602.4316 925.6319 262.595 279.0494 -55.62253229215061
0 311.0224 909.149 153.0 155.0 3.437746770784939
0 365.1724 590.8636 154.2485 161.2935 -70.51943496555201
0 610.4381 603.7422 151.6846 245.1905 -17.188751454018586
0 877.2315 235.4007 112.2713 152.1545 -14.896920273495255
0 1132.5224 165.6999 116.8 124.1019 0.0
0 1352.2481 300.8237 165.2819 248.0034 21.772396214971284
0 1456.4756 451.1915 169.4718 189.437 72.81124854598141
0 1416.1224 553.449 176.0 198.0 -90.0
0 1620.5234 717.1426 156.4944 213.7157 72.81124854598141
0 1100.8371 593.4749 297.4125 513.2129 -2.9104151401148783
0 1115.2224 323.049 172.2 265.2 0.0
