0 601.6316 928.8319 256.4094 281.3426 -55.62253229215061
0 506.4748 1247.3283 233.8487 418.5861 72.81124854598141
0 360.0888 616.199 146.9805 170.7219 -70.51943496555201
0 580.1224 608.449 188.5548 263.4902 -17.188751454018586
0 871.1561 222.1007 107.9846 129.7569 -9.167342322186983
0 1134.1224 172.4999 133.7019 135.2 -90.0
0 1365.5751 280.1427 159.8232 240.5601 14.896902673401405
0 1431.2005 422.9788 152.3816 186.8635 61.35209264336498
0 1412.7224 552.249 173.6 204.8 -90.0
0 1618.2185 718.7089 158.1248 208.386 72.81124854598141
0 977.1224 212.749 139.3607 220.2081 -5.202246320638153
0 1092.8224 401.1549 237.4 414.5882 0.0
