0 605.5967 989.6001 245.526 303.314 34.37746770784939
0 322.2077 990.9202 148.4963 203.1047 48.219689519816825
0 329.964 614.5977 163.1428 209.4849 -63.64394142398213
0 597.8012 609.3241 180.5366 313.919 -17.188751454018586
0 1356.3234 1382.7403 271.6241 491.104 -32.08565412741996
0 900.9477 428.5008 208.715 482.0083 -12.60508909297198
0 1625.8835 920.4763 219.4505 441.6871 83.12448885833629
0 1414.4825 549.1458 181.3937 212.7203 -90.0
0 1417.0427 348.5251 143.9214 235.1735 17.23434241829159
0 882.5789 195.6131 136.4042 184.6296 -8.639993091423094
0 1127.3344 423.1878 207.5949 447.6193 1.1459155902616465
