0 581.9708 1035.3177 241.3473 310.7617 4.0563131302826605
0 334.1413 928.9057 148.5345 156.1134 88.32673517897445
0 348.0646 621.3449 129.2862 163.1925 19.48056503444799
0 598.4776 602.6552 182.282 296.8639 -22.918329405326745
0 1293.8829 210.1216 138.5107 152.8056 11.459155902616464
0 1695.6584 951.0778 209.2407 418.0735 85.94366926962348
0 1498.5385 800.4871 201.1036 369.3629 84.2704044485979
0 1418.8577 550.2361 178.994 205.0774 84.2704044485979
0 1451.6666 446.5592 169.1507 198.445 77.05113622994952
0 974.7245 246.211 115.7995 199.2611 -2.9104151401148783
0 1404.4425 1269.2168 263.2173 450.1159 -47.784697714004494
