0 601.6316 928.8319 256.4094 281.3426 -55.62253229215061
0 304.7456 993.7644 178.3869 216.2808 71.13800132504974
0 376.083 589.7245 139.8004 153.6283 25.210142985756224
0 600.9933 602.1746 170.2119 302.1452 -17.188751454018586
0 1035.3062 385.2461 162.5706 328.2148 1.7188733853924696
0 1196.1529 192.9939 127.8917 163.6747 5.729577951308232
0 1313.8147 252.8766 123.6356 139.3383 20.626480624709636
0 1396.4466 328.3675 181.8174 221.5786 21.24504698420742
0 1412.4825 553.1458 181.3937 212.7203 -90.0
0 1629.4957 666.3311 196.1913 307.3756 59.63321925797254
0 944.9826 210.6458 121.0917 199.6813 -8.639993091423094
0 1166.5254 579.9881 298.5932 475.7457 2.864788975654116
