0 581.9708 1035.3177 241.3473 310.7617 4.0563131302826605
0 327.3856 925.2861 150.0627 156.1652 -1.6732648210255547
0 340.9708 646.5176 132.1722 149.5736 19.48056503444799
0 600.9776 600.6552 176.119 295.1267 -22.918329405326745
0 1202.8393 222.7518 98.8045 121.1704 5.729577951308232
0 1300.9543 310.9178 181.1819 222.7144 -1.7600093883629597e-05
0 1496.5757 809.418 193.0739 370.6422 84.2704044485979
0 1418.8577 550.2361 178.994 205.0774 84.2704044485979
0 1411.0744 415.3579 145.2484 166.932 -18.907624839411028
0 974.7245 246.211 115.7995 199.2611 -2.9104151401148783
