0 601.6316 928.8319 256.4094 281.3426 -55.62253229215061
0 305.5456 995.3644 178.3869 216.2808 71.13800132504974
0 376.083 589.7245 139.8004 153.6283 25.210142985756224
0 600.9933 602.1746 170.2119 302.1452 -17.188751454018586
0 1028.199 399.3326 160.8296 336.1606 -0.5729753952247165
0 1196.1529 192.9939 127.8917 163.6747 5.729577951308232
0 1318.5525 252.3104 127.9996 148.3083 20.626480624709636
0 1402.4466 329.9675 187.6166 222.1165 21.24504698420742
0 1412.4825 553.1458 181.3937 212.7203 -90.0
0 1615.2142 677.6144 202.0467 310.7099 59.63321925797254
0 944.9826 210.6458 121.0917 199.6813 -8.639993091423094
0 1134.4052 616.2211 361.182 376.8119 -14.323962478364479
