0 589.3655 999.6829 258.8607 292.5794 34.37746770784939
0 332.7224 886.149 153.2 155.4 0.0
0 385.2447 578.3134 141.6057 182.8275 25.210142985756224
0 579.9664 613.6256 212.4982 312.3528 -22.918329405326745
0 951.0074 225.323 118.0198 154.9241 -9.167342322186983
0 1134.5224 191.6999 135.0 185.3019 0.5729577951308232
0 1401.431 309.3643 138.7093 252.0034 32.0856365273261
0 1496.7516 491.9827 210.4137 237.1522 72.81124854598141
0 1416.2724 556.349 178.2 197.7 -90.0
0 1623.9808 714.7931 154.0487 221.7102 72.81124854598141
0 1115.1903 820.1321 351.0388 373.1184 -13.796613247600504
0 1110.0224 416.799 267.8 367.3 0.0
