0 317.9106 1029.4869 128.8959 179.6483 49.89293674074855
0 344.4802 643.3794 133.4548 146.2186 32.70420288682379
0 549.3555 544.7987 155.9501 227.5382 61.35209264336498
0 579.1287 1085.1287 189.8276 259.7537 34.37746770784939
0 1570.5174 799.6449 188.8374 248.2303 83.12448885833629
0 1408.3831 548.7707 180.4053 182.4165 84.2704044485979
0 1315.9826 321.9336 151.3176 152.4423 1.673247220931728
0 1192.3197 221.246 101.5719 124.0094 -1.1459331903554926
0 969.6464 224.0506 115.0681 155.725 -1.7600093883629597e-05
0 1058.1221 1073.9925 342.5354 377.8465 -26.974642535609433
