0 601.6316 928.8319 256.4094 281.3426 -55.62253229215061
0 1036.2923 819.3065 382.488 421.3951 6.348144310805935
0 368.1416 598.8995 137.3508 150.9761 25.210142985756224
0 565.544 608.0172 212.3329 258.3533 -17.188751454018586
0 869.9561 221.7007 107.9846 129.7569 -9.167342322186983
0 1145.6398 178.7536 121.5113 148.4516 2.291831180523293
0 1376.7237 271.9027 144.3953 222.2088 14.896902673401405
0 1438.092 430.6958 145.7637 177.2412 61.35209264336498
0 1407.6224 550.449 170.0 215.0 -90.0
0 1618.2185 718.7089 158.1248 208.386 72.81124854598141
0 956.1867 206.3578 111.2773 218.388 -7.494077501161456
0 1103.6224 409.449 235.0 402.0 0.0
