0 597.8467 961.8001 243.5255 342.8985 34.37746770784939
0 324.3881 1024.7794 159.6985 226.2545 48.219689519816825
0 282.4993 716.0668 180.5162 221.1303 -70.51943496555201
0 582.9512 609.3741 208.9396 305.2376 -17.188751454018586
0 1488.3792 1351.7934 246.0116 454.647 -59.587628293699424
0 766.8284 520.1354 408.855 441.0558 -25.21016058585002
0 1593.9081 814.6422 229.0563 431.5629 64.78983941414998
0 1408.1825 546.3458 181.3937 212.7203 -90.0
0 1494.3315 394.9767 137.4974 243.6409 16.08842682802998
0 843.2026 206.157 138.891 190.0296 -12.650697657338867
0 1149.2494 424.6494 205.2001 451.2 -1.7600093883629597e-05
