0 601.6316 928.8319 256.4094 281.3426 -55.62253229215061
0 309.8829 1029.7052 180.2846 214.6962 53.94926747112507
0 376.083 589.7245 139.8004 153.6283 25.210142985756224
0 600.9933 602.1746 170.2119 302.1452 -17.188751454018586
0 1402.9935 1226.0479 226.8861 418.6176 -72.19269978657758
0 1082.1018 252.5656 138.7893 280.8182 0.0
0 1374.5318 298.2789 138.8024 259.8297 26.35605857601787
0 1611.602 549.2084 165.1075 294.7486 44.16335878944028
0 1412.4825 553.1458 181.3937 212.7203 -90.0
0 1573.7099 815.2021 197.8214 458.6808 65.36279720928076
0 900.9579 216.6697 125.7458 218.5906 -8.639993091423094
0 1681.79 987.0959 186.9429 384.9861 73.95716413624314
