0 578.4494 1040.9494 241.2473 287.786 4.0563131302826605
0 327.4318 931.6421 142.5402 153.6132 -1.6732648210255547
0 342.266 633.0565 132.2114 184.0287 20.05352282957881
0 580.3096 617.9271 205.7441 297.8347 -22.918329405326745
0 1098.9678 244.2787 136.88 275.5854 -0.5729753952247165
0 1527.4156 1345.7643 208.2706 498.2316 -50.511538300433955
0 1525.2688 798.2281 193.922 331.6581 84.2704044485979
0 1418.6577 557.6361 178.994 205.0774 84.2704044485979
0 1440.2456 427.6189 141.7331 182.2811 65.36279720928076
0 879.3706 237.25 135.6129 234.669 -13.796613247600504
0 1798.9234 1204.9081 127.3276 272.3013 -69.9008686060543
