0 601.6316 928.8319 256.4094 281.3426 -55.62253229215061
0 635.7438 1288.5159 308.1112 515.1487 61.97067660295659
0 381.1224 575.849 141.3248 152.7538 25.210142985756224
0 572.8761 604.9704 214.6732 259.8412 -17.188751454018586
0 866.0049 248.3747 150.319 184.9163 -12.60508909297198
0 1167.7245 184.2453 146.3746 155.784 5.729577951308232
0 1328.6729 293.5702 130.5054 224.3156 9.167324722093172
0 1431.692 436.2958 145.2566 171.4946 61.35209264336498
0 1408.4224 550.849 170.8 216.6 -90.0
0 1629.4869 714.433 152.7585 231.2979 76.82195311189724
0 959.0872 218.9126 118.5527 219.1904 -2.9104151401148783
0 1101.275 412.5467 243.6949 392.9954 0.0
