0 601.6316 928.8319 256.4094 281.3426 -55.62253229215061
0 647.7992 1264.9888 268.5716 469.7314 53.33068351153344
0 360.8941 614.469 147.3801 167.3848 -69.94647717042119
0 580.1224 608.449 188.5548 263.4902 -17.188751454018586
0 871.1561 222.1007 107.9846 129.7569 -9.167342322186983
0 1150.0587 179.401 134.6003 137.4253 1.1459155902616465
0 1372.6225 270.949 161.3661 221.9436 14.896902673401405
0 1418.3521 414.1083 174.5419 178.7421 61.35209264336498
0 1407.6224 550.449 170.0 215.0 -90.0
0 1618.2185 718.7089 158.1248 208.386 72.81124854598141
0 972.5724 214.049 141.8676 220.2809 -8.067035296292289
0 1097.6224 408.449 247.0 400.0 0.0
