0 578.9363 1038.9519 241.936 291.8399 4.0563131302826605
0 327.4318 931.6421 142.5402 153.6132 -1.6732648210255547
0 345.566 627.3565 132.2114 184.0287 19.48056503444799
0 583.6922 612.0035 216.7993 302.5692 -22.918329405326745
0 1274.417 221.4882 128.2017 158.9301 17.188733853924695
0 1543.3637 1341.9909 209.1516 510.9173 -50.511538300433955
0 1519.1949 794.7307 185.7495 336.7174 84.2704044485979
0 1418.8577 550.2361 178.994 205.0774 84.2704044485979
0 1444.5004 426.4817 161.513 195.9504 66.50871279954248
0 919.0623 221.9176 136.6408 233.1411 -2.9104151401148783
0 1678.4278 1081.5782 256.0609 404.2968 -87.089602459979
