0 578.2481 1042.8692 250.2365 300.0064 4.0563131302826605
0 327.4318 931.6421 142.5402 153.6132 -1.6732648210255547
0 346.84 634.2387 132.0275 175.5336 25.210142985756224
0 582.6655 616.8522 173.5476 296.9534 -22.918329405326745
0 1060.1735 783.3965 381.086 409.963 49.92920384530582
0 1534.0257 1340.0406 263.365 495.4535 -50.511538300433955
0 1534.254 797.1331 165.6628 349.7574 84.2704044485979
0 1416.8577 552.2361 178.994 205.0774 84.2704044485979
0 1416.9295 421.7286 135.7845 148.3091 68.63684993799683
0 1123.2039 200.3291 123.1396 193.5312 2.8191628111933653
0 1533.6245 1067.7257 176.268 505.526 -89.21773959843341
