0 601.6316 928.8319 256.4094 281.3426 -55.62253229215061
0 363.0977 1166.1215 177.7934 382.8755 88.32673517897445
0 361.099 596.7846 153.875 156.0069 -64.78985701424378
0 589.5247 606.7436 186.1791 288.1794 -17.188751454018586
0 892.9656 245.3435 124.2829 181.8548 -9.167342322186983
0 1152.6577 185.2426 124.9091 152.5879 8.021409131831525
0 1362.3435 290.9 141.9332 256.0956 17.188733853924695
0 1419.4525 425.6713 157.5034 166.7002 65.93575500441159
0 1409.5665 551.5277 174.5575 214.0881 -90.0
0 1625.4725 708.22 199.9342 225.1544 76.82195311189724
0 956.3684 216.5599 108.6802 215.2367 -12.077739862208034
0 1086.4463 412.6577 235.3093 396.9711 2.291831180523293
