0 578.4494 1040.9494 241.2473 287.786 4.0563131302826605
0 327.4318 931.6421 142.5402 153.6132 -1.6732648210255547
0 346.466 631.2565 132.2114 184.0287 23.49126960036375
0 580.0096 616.7271 184.7033 298.9136 -22.918329405326745
0 1069.0781 262.9888 154.1603 294.5652 -4.0107221660096
0 1543.3156 1335.8643 220.9915 506.3813 -50.511538300433955
0 1534.2688 792.8281 184.973 350.6464 84.2704044485979
0 1417.4577 554.0361 178.994 205.0774 84.2704044485979
0 1427.2918 421.8918 120.5216 163.5069 65.36279720928076
0 905.2202 239.2443 129.4456 243.8367 -10.358866476815592
0 1800.8458 1180.1785 140.3329 275.2328 -76.77636214762418
