0 625.5789 995.6477 228.9445 296.3825 38.433780838132066
0 324.4318 933.6421 148.6545 149.7901 -1.6732648210255547
0 340.0446 648.8317 139.5065 151.2171 25.210142985756224
0 581.2068 615.4266 204.6146 289.3654 -22.918329405326745
0 969.7988 1478.5864 298.7049 515.7393 9.740282517223996
0 1679.0226 1024.8497 223.9925 443.235 87.08958485988514
0 1515.8311 795.242 182.5949 313.4733 84.2704044485979
0 1415.9493 557.4494 175.996 221.5364 84.2704044485979
0 1430.4252 430.5893 134.4886 167.4504 71.09237516058897
0 1047.6851 209.7764 98.1686 207.8257 2.8191628111933653
0 1123.396 424.981 172.8934 443.9366 5.729577951308232
