0 601.6316 928.8319 256.4094 281.3426 -55.62253229215061
0 320.992 1022.8011 178.3732 240.7857 53.94926747112507
0 361.4844 614.6774 164.8634 182.5502 25.210142985756224
0 600.9933 602.1746 170.2119 302.1452 -17.188751454018586
0 1691.9071 1088.5929 157.2878 337.9856 -83.65185568919406
0 1485.4676 1360.2514 249.1716 479.3969 -49.2743879813446
0 1300.0651 231.5308 160.8863 229.8487 14.896902673401405
0 1662.9759 810.328 169.9624 286.4935 -55.62253229215061
0 1412.4825 553.1458 181.3937 212.7203 -90.0
0 1580.0697 818.1671 179.0503 475.1027 71.09237516058897
0 827.0782 199.117 163.4084 193.5665 -14.369571042731309
0 1099.8837 632.8532 345.0613 564.8995 -3.437764370878824
