0 601.6316 928.8319 256.4094 281.3426 -55.62253229215061
0 320.992 1022.8011 178.3732 240.7857 53.94926747112507
0 366.9826 607.1458 165.4164 169.1776 25.210142985756224
0 600.9933 602.1746 170.2119 302.1452 -17.188751454018586
0 1613.9842 1253.0601 162.9037 349.2119 -74.79707944434472
0 1214.763 1377.9391 351.8688 493.9389 -8.333975209169239
0 1355.3339 274.3817 121.9019 264.9029 20.626480624709636
0 1666.0286 819.3885 184.0962 320.3776 -72.8112661460753
0 1412.4825 553.1458 181.3937 212.7203 -90.0
0 1577.0776 806.9637 193.0816 476.0868 71.09237516058897
0 814.4385 206.4233 157.1974 204.4613 -14.369571042731309
0 1639.3227 1040.0267 285.1879 410.7224 -86.87480170645892
0 1854.5408 1202.449 122.0 171.0 -72.8112661460753
