0 581.9708 1035.3177 241.3473 310.7617 4.0563131302826605
0 332.6168 931.7777 142.8819 152.8979 88.32673517897445
0 338.1483 657.7574 133.785 164.1931 19.48056503444799
0 598.6013 602.1652 181.6725 296.0576 -22.918329405326745
0 1199.0497 222.8231 92.3854 119.927 5.729577951308232
0 1290.1655 306.634 196.9081 230.4349 -6.875511141663708
0 1496.5757 809.418 193.0739 370.6422 84.2704044485979
0 1418.8577 550.2361 178.994 205.0774 84.2704044485979
0 1403.6874 413.0334 132.7779 172.7098 -18.907624839411028
0 974.7245 246.211 115.7995 199.2611 -2.9104151401148783
