0 601.6316 928.8319 256.4094 281.3426 -55.62253229215061
0 320.992 1022.8011 178.3732 240.7857 53.94926747112507
0 360.9033 610.6876 163.3927 170.8859 25.210142985756224
0 600.9933 602.1746 170.2119 302.1452 -17.188751454018586
0 1693.5586 1084.9292 149.6401 340.458 -83.65185568919406
0 1498.7827 1351.9312 260.7831 462.2261 -58.441712703437815
0 1308.4651 234.7308 160.8863 229.8487 14.896902673401405
0 1670.2105 811.4279 179.2796 288.1052 -55.62253229215061
0 1412.4825 553.1458 181.3937 212.7203 -90.0
0 1583.0619 829.3706 165.0189 474.1186 71.09237516058897
0 831.0782 198.317 163.4084 193.5665 -14.369571042731309
0 1083.0815 560.4331 319.156 539.1008 -1.1459331903554926
