0 601.6316 928.8319 256.4094 281.3426 -55.62253229215061
0 683.9466 1273.3365 319.6045 540.7779 55.095183061386706
0 383.6224 572.149 140.7191 159.4496 25.210142985756224
0 572.0123 605.3244 216.533 259.6755 -17.188751454018586
0 866.0637 248.9119 153.5458 186.7799 -13.751004683233589
0 1165.1245 183.4453 146.3746 155.784 5.729577951308232
0 1328.6729 293.5702 130.5054 224.3156 9.167324722093172
0 1431.692 436.2958 145.2566 171.4946 61.35209264336498
0 1408.0224 550.649 170.4 215.8 -90.0
0 1628.3837 714.5974 152.5757 229.0746 76.82195311189724
0 961.1872 218.9126 122.7473 218.9772 -2.9104151401148783
0 1100.775 412.9467 240.6949 391.3954 0.0
