0 601.6316 928.8319 256.4094 281.3426 -55.62253229215061
0 831.3201 1193.0095 333.533 401.9418 28.693498320908077
0 368.1416 598.8995 137.3508 150.9761 25.210142985756224
0 579.2291 608.3129 189.7991 262.8204 -17.188751454018586
0 872.5561 221.9007 107.9846 129.7569 -9.167342322186983
0 1198.9857 182.1113 113.0031 138.5363 11.459155902616464
0 1373.2196 271.1732 160.0967 221.8173 14.896902673401405
0 1433.4361 419.167 170.4627 180.1235 61.35209264336498
0 1407.6224 550.449 170.0 215.0 -90.0
0 1618.2185 718.7089 158.1248 208.386 72.81124854598141
0 984.9724 215.049 162.3227 220.8431 -2.9104151401148783
0 1098.2224 408.549 245.8 400.2 0.0
