0 1485.1625 1346.8521 245.0261 475.3665 -44.163376389534136
0 318.8311 907.3747 187.673 218.1915 4.0563131302826605
0 748.2682 324.6792 288.4146 395.3555 65.31718864491384
0 601.8483 609.3494 172.819 316.3594 -17.188751454018586
0 766.0242 1443.0948 322.197 503.5165 21.772396214971284
0 1153.4237 202.3526 182.3202 290.6821 -83.12450645843012
0 1562.1739 924.4751 227.0941 455.5704 84.2704044485979
0 1412.7652 549.0565 181.215 216.1549 -90.0
0 1389.5085 418.301 174.1823 200.4818 65.36279720928076
0 847.7465 207.1079 129.3121 187.5146 -14.369571042731309
0 1075.2494 394.5494 207.8 414.4 0.0
