0 581.9708 1035.3177 241.3473 310.7617 4.0563131302826605
0 332.4474 932.0969 142.2538 152.5406 88.32673517897445
0 336.9708 660.3176 134.2885 161.5536 19.48056503444799
0 598.615 602.1108 181.6048 295.968 -22.918329405326745
0 1198.4092 222.9315 90.0245 119.9282 5.729577951308232
0 1288.8933 307.5392 200.7288 230.7149 -8.021426731925374
0 1496.5757 809.418 193.0739 370.6422 84.2704044485979
0 1418.8577 550.2361 178.994 205.0774 84.2704044485979
0 1403.2358 413.0074 131.9403 173.0516 -18.907624839411028
0 974.7245 246.211 115.7995 199.2611 -2.9104151401148783
