0 601.6316 928.8319 256.4094 281.3426 -55.62253229215061
0 320.992 1022.8011 178.3732 240.7857 53.94926747112507
0 364.1531 601.3849 163.3514 168.9344 25.210142985756224
0 600.9933 602.1746 170.2119 302.1452 -17.188751454018586
0 1694.6843 1068.9974 145.8163 341.6942 -87.089602459979
0 1506.6403 1339.9712 266.5889 453.6406 -63.02537506448442
0 1301.949 231.7196 155.2655 224.3047 13.178029288008934
0 1669.6279 808.0779 183.9382 288.911 -55.62253229215061
0 1412.4825 553.1458 181.3937 212.7203 -90.0
0 1586.4649 836.5393 164.078 472.2167 69.37350177519647
0 834.8782 197.917 163.4084 193.5665 -12.650697657338867
0 1087.3281 504.7727 287.3742 506.7403 -1.7600093883629597e-05
