0 581.9708 1035.3177 241.3473 310.7617 4.0563131302826605
0 327.9388 910.2338 162.9133 186.2248 -1.6732648210255547
0 340.9708 648.3176 132.1722 149.5736 19.48056503444799
0 600.9776 600.6552 176.119 295.1267 -22.918329405326745
0 1209.4844 222.4822 111.9745 123.0337 5.729577951308232
0 1333.9646 300.4497 196.7156 231.1112 3.437746770784939
0 1493.0462 810.0185 193.5642 363.4985 84.2704044485979
0 1418.8577 550.2361 178.994 205.0774 84.2704044485979
0 1416.314 411.9892 159.0139 162.6115 -18.907624839411028
0 974.7245 246.211 115.7995 199.2611 -2.9104151401148783
