0 825.1772 1127.1064 346.7921 378.373 36.66929888837269
0 319.172 988.9429 145.2012 201.6833 69.99208573478808
0 347.0342 650.625 143.7509 157.407 20.626480624709636
0 596.0483 613.5494 172.819 316.3594 -17.188751454018586
0 722.3862 1397.1226 225.5364 518.0063 38.96113006889598
0 1284.896 277.896 197.0248 224.4072 -2.2918487806171015
0 1538.5368 799.5155 180.0991 339.1024 84.2704044485979
0 1421.4271 559.0282 171.7604 210.9508 84.2704044485979
0 1432.4252 433.5893 134.4886 167.4504 71.09237516058897
0 928.7201 217.4296 123.1839 225.1848 -2.9104151401148783
0 1106.096 421.981 169.8933 433.9366 -1.7600093883629597e-05
