0 611.2957 1021.6633 229.4755 341.6364 35.56899186247796
0 324.4318 933.6421 148.6545 149.7901 -1.6732648210255547
0 340.0446 648.8317 139.5065 151.2171 25.210142985756224
0 579.8827 619.7058 218.7275 294.5775 -22.918329405326745
0 965.8961 1475.8961 315.3067 518.8781 11.459155902616464
0 1692.4792 845.3261 206.5927 413.7651 85.08423257692725
0 1519.8427 796.8428 181.7963 309.3964 84.2704044485979
0 1415.9493 557.4494 175.996 221.5364 84.2704044485979
0 1430.4252 430.5893 134.4886 167.4504 71.09237516058897
0 998.1684 218.1229 101.2452 228.0197 -2.9104151401148783
0 1120.896 424.981 172.8934 443.9366 5.729577951308232
