0 601.6316 928.8319 256.4094 281.3426 -55.62253229215061
0 331.1411 958.4873 185.2227 316.1197 -87.089602459979
0 371.5294 591.5885 146.283 153.727 25.210142985756224
0 584.1484 608.6783 174.7632 287.6605 -17.188751454018586
0 967.5493 246.2533 137.3667 180.8769 -6.875511141663708
0 1129.9668 183.3253 126.4748 158.0423 5.729577951308232
0 1377.9596 295.9366 158.6985 259.3361 20.626480624709636
0 1403.8871 417.3444 156.8426 157.8874 -17.188751454018586
0 1412.4825 553.1458 181.3937 212.7203 -90.0
0 1582.253 480.8442 256.4815 288.1728 -32.65861192255079
0 955.9826 190.1458 102.7681 158.972 -8.639993091423094
0 1099.9301 407.3202 180.7846 430.5425 0.0
