0 596.0257 994.8386 218.848 298.7139 45.83662361046586
0 318.5187 1012.2685 92.5998 229.633 42.6947147971498
0 350.3694 604.6961 166.8511 169.3298 -61.720407514168926
0 578.6295 609.9795 217.5549 303.8398 -17.188751454018586
0 1697.5581 1183.1999 160.5765 313.1301 -79.25234196350249
0 1521.706 1303.7661 206.9668 455.2892 -60.36524661325103
0 896.8941 437.8156 188.7883 475.1427 -19.541946414400343
0 1802.6152 762.4659 87.544 218.7991 22.882044700675635
0 1414.6235 553.8628 184.8276 202.4384 -90.0
0 1589.8985 801.2909 214.2835 416.9424 72.11550589535409
0 796.9832 180.4755 110.8919 128.7931 69.90085100596043
0 1136.2228 430.0726 187.4161 441.9053 5.729577951308232
