0 596.2383 992.0648 239.5474 255.3764 -55.62253229215061
0 332.2724 890.074 153.2667 154.9167 0.0
0 342.3058 631.6157 139.4186 148.2352 25.210142985756224
0 582.1224 623.949 172.1806 314.7996 -22.918329405326745
0 809.9464 234.9769 110.2367 142.1768 -13.94197151635069
0 1094.4884 185.2249 136.6014 166.8852 0.0
0 1401.431 309.3643 138.7093 252.0034 32.0856365273261
0 1496.7516 491.9827 210.4137 237.1522 72.81124854598141
0 1417.1224 556.449 178.0 196.0 -90.0
0 1626.0048 702.707 140.0701 225.7099 72.81124854598141
0 1566.3445 899.683 195.0695 438.5696 71.18788722503729
0 1110.0391 415.4073 267.8333 370.0833 0.0
