0 602.6732 929.0438 264.541 283.3012 -55.62253229215061
0 324.8825 1021.5031 165.454 235.6181 53.94926747112507
0 375.2738 598.4112 129.5865 147.7149 -55.62253229215061
0 601.4394 600.4673 167.5427 300.2576 -17.188751454018586
0 1696.5317 1000.3642 159.0499 315.9212 74.46115653680849
0 1492.8969 1347.161 222.1833 451.3581 -63.02537506448442
0 1139.9973 183.5264 125.6444 173.7326 3.437746770784939
0 1682.1665 744.1308 213.2088 360.445 80.14510832365602
0 1413.4425 549.3058 181.3937 212.7203 -90.0
0 1603.5005 671.6365 133.8284 337.1384 33.85011847708546
0 824.0763 203.8735 150.3675 181.7988 -8.639993091423094
0 1084.0267 400.7096 214.7549 416.734 -1.7600093883629597e-05
