0 597.7079 949.1701 310.1228 384.3967 -60.20619465319719
0 311.74 989.8092 143.8984 190.2981 88.32673517897445
0 374.4551 564.8552 197.631 211.0304 30.939720937064454
0 597.8012 609.3241 180.5366 313.919 -17.188751454018586
0 851.244 1465.6383 295.6417 532.5305 19.48056503444799
0 1036.788 281.2344 174.0858 350.6464 -1.1459331903554926
0 1583.1186 927.9034 221.561 438.1945 84.2704044485979
0 1414.4825 549.1458 181.3937 212.7203 -90.0
0 1430.0379 408.815 171.1202 173.3881 -24.637202790719243
0 882.1418 200.144 130.06 187.2485 -2.9104151401148783
0 1100.3494 410.2494 215.2001 440.2 4.583662361046586
