0 601.6316 928.8319 256.4094 281.3426 -55.62253229215061
0 333.0831 920.3712 194.5365 212.1701 -87.44770108193569
0 375.9407 589.7828 140.003 153.6314 25.210142985756224
0 584.1484 608.6783 174.7632 287.6605 -17.188751454018586
0 992.1891 279.9482 138.3286 225.8071 -5.586356102619334
0 1125.3168 181.7753 126.4748 158.0423 5.729577951308232
0 1373.2887 291.352 158.2031 258.4757 20.626480624709636
0 1417.1118 380.797 171.9604 208.3288 37.717583594218524
0 1412.4825 553.1458 181.3937 212.7203 -90.0
0 1580.7821 457.8949 226.131 232.1597 -31.011358261549674
0 957.9201 209.5208 104.7584 197.8644 -8.639993091423094
0 1125.9051 418.4202 204.0596 420.7425 0.0
