0 601.6316 928.8319 256.4094 281.3426 -55.62253229215061
0 312.4851 1031.6369 154.4364 212.762 53.94926747112507
0 376.083 589.7245 139.8004 153.6283 25.210142985756224
0 600.9933 602.1746 170.2119 302.1452 -17.188751454018586
0 1162.4988 856.6761 257.0796 328.4709 -9.969483235370205
0 1169.9485 196.8874 140.9404 178.3876 4.8128454790989155
0 1347.9513 293.3709 154.8743 240.7252 21.543213096918954
0 1553.041 416.4764 167.209 223.7707 27.89135740772491
0 1412.4825 553.1458 181.3937 212.7203 -90.0
0 1629.1382 798.4914 203.0527 404.6678 70.1756426883797
0 971.7768 221.0714 127.8667 234.0693 -2.9104151401148783
0 1553.1489 1102.5252 272.2952 520.0751 -87.47898570142438
