0 581.9708 1035.3177 241.3473 310.7617 4.0563131302826605
0 334.1413 928.9057 148.5345 156.1134 88.32673517897445
0 348.0646 621.3449 129.2862 163.1925 19.48056503444799
0 598.4776 602.6552 182.282 296.8639 -22.918329405326745
0 1294.6801 210.2925 138.3994 152.6871 11.459155902616464
0 1697.7377 928.4418 206.1089 415.2796 84.79775367936183
0 1498.6757 800.818 200.4177 369.57 84.2704044485979
0 1418.8577 550.2361 178.994 205.0774 84.2704044485979
0 1447.8564 443.4327 169.1532 192.2591 76.82195311189724
0 974.7245 246.211 115.7995 199.2611 -2.9104151401148783
0 1416.6115 1271.5473 253.7704 455.5868 -49.2743879813446
