0 601.6316 928.8319 256.4094 281.3426 -55.62253229215061
0 688.1578 1255.5153 281.5137 456.8251 48.74702115048689
0 362.5046 611.0091 148.1792 160.7106 -68.80056158015954
0 580.1224 608.449 188.5548 263.4902 -17.188751454018586
0 871.1561 222.1007 107.9846 129.7569 -9.167342322186983
0 1160.9314 180.0033 129.8009 137.6722 3.437746770784939
0 1372.6225 270.949 161.3661 221.9436 14.896902673401405
0 1421.3521 414.9083 174.5419 178.7421 61.35209264336498
0 1407.6224 550.449 170.0 215.0 -90.0
0 1618.2185 718.7089 158.1248 208.386 72.81124854598141
0 975.4724 214.249 146.8815 220.4265 -6.921119706030652
0 1097.6224 408.449 247.0 400.0 0.0
