0 601.6316 928.8319 256.4094 281.3426 -55.62253229215061
0 369.7583 1175.4667 187.2059 386.9235 88.32673517897445
0 360.499 597.1846 153.875 156.0069 -64.78985701424378
0 590.4208 606.4211 188.0817 288.2659 -17.188751454018586
0 889.0397 244.863 123.6398 179.8881 -9.167342322186983
0 1152.2396 185.1622 124.6482 151.6789 7.448451336700702
0 1361.1435 290.3 141.9332 256.0956 16.615776058793873
0 1421.2525 427.2713 157.5034 166.7002 64.78983941414998
0 1409.0804 551.2581 173.4181 214.3161 -90.0
0 1629.9377 709.8791 187.5402 233.0932 76.82195311189724
0 956.0252 217.373 108.6335 216.8358 -12.650697657338867
0 1088.6535 413.58 235.9057 395.1771 1.7188733853924696
