0 578.4494 1040.9494 241.2473 287.786 4.0563131302826605
0 327.4318 931.6421 142.5402 153.6132 -1.6732648210255547
0 343.566 630.3565 132.2114 184.0287 19.48056503444799
0 580.3596 618.1271 209.2509 297.6549 -22.918329405326745
0 1143.654 218.7735 125.4672 222.9183 2.864788975654116
0 1527.5518 1349.4386 206.5695 503.7484 -50.511538300433955
0 1521.4819 796.9294 190.5815 332.6054 84.2704044485979
0 1418.8577 554.2361 178.994 205.0774 84.2704044485979
0 1442.4046 428.5734 145.2684 185.4101 65.36279720928076
0 874.0623 236.9176 136.6408 233.1411 -11.504782067077201
0 1792.3665 1189.3173 161.4536 276.5777 -74.48453096710085
