0 589.9481 992.6533 263.7066 289.2054 34.37746770784939
0 332.6224 885.949 153.0 155.0 0.0
0 385.2447 578.3134 141.6057 182.8275 25.210142985756224
0 579.5046 613.4786 216.324 314.5288 -22.918329405326745
0 950.2074 225.323 118.0198 154.9241 -9.167342322186983
0 1132.6224 191.0999 135.0 185.3019 0.0
0 1401.431 309.3643 138.7093 252.0034 32.0856365273261
0 1496.7516 491.9827 210.4137 237.1522 72.81124854598141
0 1417.1224 556.449 178.0 196.0 -90.0
0 1623.9808 714.7931 154.0487 221.7102 72.81124854598141
0 1134.9288 842.5091 352.283 383.2993 -14.369571042731309
0 1110.6224 413.949 269.0 373.0 0.0
