0 1246.6226 1287.0826 286.2697 464.7322 -47.25734848324058
0 321.25 991.3413 142.0059 210.9579 65.40842337374147
0 344.6505 649.6095 144.2853 157.1989 19.48056503444799
0 599.0483 611.3494 172.819 316.3594 -17.188751454018586
0 681.4589 1402.949 270.642 525.1188 45.83662361046586
0 1284.896 277.896 197.0248 224.4072 -2.2918487806171015
0 1538.5368 799.5155 180.0991 339.1024 84.2704044485979
0 1418.2399 552.9763 179.3077 205.4755 84.2704044485979
0 1432.1566 433.3409 135.1326 167.1032 71.09237516058897
0 891.2 200.9348 111.7574 182.2862 -8.067035296292289
0 1090.8466 404.6134 179.0022 414.6414 -1.7600093883629597e-05
