0 601.6316 928.8319 256.4094 281.3426 -55.62253229215061
0 312.8656 1032.615 153.4151 213.2979 53.94926747112507
0 376.083 589.7245 139.8004 153.6283 25.210142985756224
0 600.9933 602.1746 170.2119 302.1452 -17.188751454018586
0 1141.9035 787.0324 243.1172 348.159 -4.6982715201666565
0 1176.3507 193.4407 139.9881 171.5902 5.271211715203573
0 1344.189 293.0112 152.9398 237.8801 21.08484686081429
0 1539.94 407.2791 167.4789 220.2635 27.432991171620245
0 1412.4825 553.1458 181.3937 212.7203 -90.0
0 1633.548 789.751 203.9276 395.1505 70.6340089244843
0 972.6205 220.3287 126.7388 231.4568 -2.9104151401148783
0 1524.228 1098.0489 289.2291 527.1326 -87.02061946531973
