0 601.6316 928.8319 256.4094 281.3426 -55.62253229215061
0 309.8829 1029.7052 180.2846 214.6962 53.94926747112507
0 376.083 589.7245 139.8004 153.6283 25.210142985756224
0 600.9933 602.1746 170.2119 302.1452 -17.188751454018586
0 1545.2762 1280.4187 184.541 396.917 -67.0360796304002
0 1039.2739 346.2528 185.5338 382.3924 0.0
0 1388.5318 310.4789 138.8024 259.8297 25.783100780887047
0 1666.2024 662.8685 165.8397 328.9011 72.81124854598141
0 1412.4825 553.1458 181.3937 212.7203 -90.0
0 1587.2276 833.7802 172.593 476.7018 70.51941736545814
0 832.0385 209.1233 127.4154 195.7991 -14.369571042731309
0 1662.1493 950.4494 198.0544 351.2157 72.23829075085064
