0 578.4494 1040.9494 241.2473 287.786 4.0563131302826605
0 327.4318 931.6421 142.5402 153.6132 -1.6732648210255547
0 347.703 632.2976 132.1194 179.7812 25.210142985756224
0 582.8596 618.1271 174.1829 299.453 -22.918329405326745
0 1107.9554 522.6915 286.7511 523.6298 11.459155902616464
0 1534.0257 1340.0406 263.365 495.4535 -50.511538300433955
0 1532.2338 789.4794 181.2971 347.2655 84.2704044485979
0 1416.8577 552.2361 178.994 205.0774 84.2704044485979
0 1387.5744 410.2479 153.5919 169.8257 65.36279720928076
0 1093.9466 213.7968 120.4232 222.6069 -0.0456261644607423
0 1687.5622 1056.8809 173.4401 428.161 88.32673517897445
