0 1463.7534 1366.0534 269.3847 487.818 -44.163376389534136
0 317.49 992.2813 142.0059 210.9579 65.40842337374147
0 344.3371 642.1282 141.7636 163.7724 19.48056503444799
0 601.8483 609.3494 172.819 316.3594 -17.188751454018586
0 700.1534 1420.4534 237.078 532.7235 45.83662361046586
0 1285.1293 287.1327 197.2974 242.8845 -2.2918487806171015
0 1538.5368 799.5155 180.0991 339.1024 84.2704044485979
0 1424.0328 551.8236 180.7453 204.4326 84.2704044485979
0 1429.364 430.7495 141.8457 159.8309 71.09237516058897
0 838.9546 207.9324 155.0652 174.1097 -14.369571042731309
0 1053.8119 403.8807 237.745 415.736 -1.7600093883629597e-05
