0 601.6316 928.8319 256.4094 281.3426 -55.62253229215061
0 309.8829 1029.7052 180.2846 214.6962 53.94926747112507
0 376.083 589.7245 139.8004 153.6283 25.210142985756224
0 600.9933 602.1746 170.2119 302.1452 -17.188751454018586
0 1498.1703 1262.4134 193.6797 397.6566 -70.16826800904181
0 1059.8874 291.7044 161.254 332.5355 0.0
0 1383.0718 304.0456 138.8024 259.8297 26.35605857601787
0 1650.777 639.6714 165.7616 325.2582 60.47357645609088
0 1412.4825 553.1458 181.3937 212.7203 -90.0
0 1575.9659 818.1788 196.01 466.8313 67.38722898681652
0 845.5939 210.6429 125.5066 197.7868 -13.758396962665302
0 1673.2346 953.6737 188.6119 367.8721 72.81124854598141
