0 602.7802 1065.2998 200.1773 394.1061 34.37746770784939
0 314.1224 906.449 132.0 156.0 0.0
0 380.5855 592.4736 127.9156 151.3728 19.48056503444799
0 588.6889 632.2472 166.8458 316.3487 -22.918329405326745
0 942.6224 274.949 129.0 129.0 0.0
0 1225.1132 201.7741 151.6128 178.3258 11.459155902616464
0 1365.366 291.2016 151.3025 272.2578 20.626480624709636
0 1481.1225 475.949 196.4307 232.3273 72.81124854598141
0 1429.1224 552.449 186.0 220.0 -90.0
0 1619.7359 710.2649 199.1076 209.2799 72.81124854598141
0 1541.3731 967.4873 223.4433 468.4451 80.25969988268213
0 1104.1224 440.949 258.0 323.0 0.0
