0 1459.7942 1379.9652 279.8556 480.6228 -44.163376389534136
0 317.49 992.2813 142.0059 210.9579 65.40842337374147
0 340.0961 636.196 144.5804 163.6929 19.48056503444799
0 601.8483 609.3494 172.819 316.3594 -17.188751454018586
0 697.8427 1416.8427 222.7844 534.2051 45.83662361046586
0 1285.1876 289.4419 197.3655 247.5038 -2.2918487806171015
0 1537.4446 800.6797 178.0005 341.5084 84.2704044485979
0 1425.6328 551.8236 180.7453 204.4326 84.2704044485979
0 1429.7176 431.0745 141.0015 159.3724 71.09237516058897
0 842.3334 207.087 152.4802 171.4765 -12.650697657338867
0 1051.4119 404.7807 237.745 415.736 -3.437764370878824
