0 601.6316 928.8319 256.4094 281.3426 -55.62253229215061
0 307.6167 913.2684 162.3331 165.3809 5.729577951308232
0 370.8882 595.7903 163.7767 168.1244 19.48056503444799
0 602.0381 603.3422 151.6846 245.1905 -17.188751454018586
0 916.3204 230.775 115.7896 146.3721 -3.437764370878824
0 1122.1224 161.0999 117.3019 120.0 -90.0
0 1340.7768 290.7718 147.4906 201.3293 14.896902673401405
0 1460.6756 455.3915 164.6059 198.3993 72.81124854598141
0 1416.1224 553.449 176.0 198.0 -90.0
0 1618.2185 718.7089 158.1248 208.386 72.81124854598141
0 1028.792 464.3387 266.2464 476.1677 -5.202246320638153
0 1124.5224 321.049 186.8 277.2 0.0
