0 582.7522 1033.343 240.0678 306.7118 4.0563131302826605
0 329.6413 934.9057 146.7668 160.2666 -1.6732648210255547
0 348.0646 621.3449 129.2862 163.1925 19.48056503444799
0 599.636 605.4309 182.3098 302.8792 -22.918329405326745
0 1290.1758 215.818 143.2691 155.525 11.459155902616464
0 688.1696 1419.702 240.5448 539.7593 44.07212406061262
0 1499.1001 804.618 187.3934 383.1864 84.2704044485979
0 1418.8577 550.2361 178.994 205.0774 84.2704044485979
0 1464.6724 472.1477 147.7574 219.2864 88.28110901451367
0 926.0623 222.9176 136.6408 233.1411 -2.9104151401148783
0 1357.4485 1103.2631 357.1138 431.1618 -80.21410891840912
