0 581.3589 992.0729 269.8999 276.3269 -54.47661670188896
0 317.9913 1026.7745 126.0002 195.0215 48.46525923080989
0 361.3523 610.6433 156.0909 163.2159 -63.6529941571452
0 604.5287 598.1877 152.0394 294.3957 -17.188751454018586
0 1641.538 1168.6518 146.5423 334.9014 -63.53920361515776
0 1506.9031 1331.0408 199.4531 451.1602 -52.703082018966484
0 987.0458 340.5804 179.1312 406.2765 -4.491834826580941
0 1698.4921 835.5413 152.1644 348.635 78.97736304139988
0 1414.751 543.7941 176.0971 211.2573 -90.0
0 1587.9905 758.5872 178.7752 455.7333 65.57198410028309
0 810.8688 211.736 130.5751 194.1691 -20.09914899403958
0 1137.8752 421.6165 190.8637 437.2501 5.729577951308232
