0 317.9106 1029.4869 128.8959 179.6483 49.89293674074855
0 344.4802 643.3794 133.4548 146.2186 32.70420288682379
0 549.3555 544.7987 155.9501 227.5382 61.35209264336498
0 578.6304 1084.913 190.8936 259.547 34.37746770784939
0 1565.2642 797.3779 194.5966 238.3422 83.12448885833629
0 1408.3831 548.7707 180.4053 182.4165 84.2704044485979
0 1319.4826 321.9336 144.3206 152.2379 1.673247220931728
0 1186.1046 226.0473 85.4984 115.7671 -10.313257912448648
0 970.425 225.7131 113.4109 152.4 -1.7600093883629597e-05
0 1095.3366 1045.9863 465.0916 522.1614 73.33859777674537
