0 567.9705 998.3536 217.1437 362.8597 75.67603752163552
0 324.2588 914.9865 162.2845 179.2741 -1.6732648210255547
0 337.5346 652.5034 138.0924 159.9992 25.210142985756224
0 590.6135 612.4362 193.6077 315.9326 -17.188751454018586
0 1074.1655 1478.5756 313.0592 497.9794 -14.323962478364479
0 1348.4493 267.7768 156.3612 248.0197 20.626480624709636
0 1540.5368 795.5155 180.0991 339.1024 84.2704044485979
0 1415.9493 557.4494 175.996 221.5364 84.2704044485979
0 1436.4252 429.5893 134.4886 167.4504 71.09237516058897
0 967.5121 220.2 131.3387 242.1449 -2.9104151401148783
0 1128.896 426.481 169.8933 433.9366 -1.7600093883629597e-05
