0 601.6316 928.8319 256.4094 281.3426 -55.62253229215061
0 313.4829 951.9542 168.9705 178.8785 88.32673517897445
0 376.083 589.7245 139.8004 153.6283 25.210142985756224
0 579.9138 611.6162 196.5628 295.643 -17.188751454018586
0 996.7381 310.9731 143.427 267.6902 -3.437764370878824
0 1180.0501 190.2285 126.7177 159.0078 5.729577951308232
0 1360.2629 281.7023 148.5343 240.0607 20.626480624709636
0 1417.7892 358.3877 176.0168 244.5395 20.262825436014623
0 1412.4825 553.1458 181.3937 212.7203 -90.0
0 1610.5225 537.7842 177.0464 282.3328 52.10289225234766
0 943.282 189.9173 108.8824 155.2687 -8.639993091423094
0 1133.3611 461.0903 243.0563 425.5555 4.747356403115462
