0 582.3265 1035.1487 240.6615 310.3744 4.0563131302826605
0 329.6413 934.9057 146.7668 160.2666 -1.6732648210255547
0 348.0646 621.3449 129.2862 163.1925 19.48056503444799
0 600.8238 603.6241 178.7146 300.4761 -22.918329405326745
0 1270.1624 211.3558 139.0118 157.4351 9.740282517223996
0 686.0988 1422.8136 242.1768 542.2993 45.21803965087426
0 1497.2928 805.308 186.3811 379.4521 84.2704044485979
0 1418.8577 550.2361 178.994 205.0774 84.2704044485979
0 1464.3602 471.5909 148.8892 218.6956 88.28110901451367
0 926.0623 222.9176 136.6408 233.1411 -2.9104151401148783
0 1356.6319 1103.6768 356.0209 429.6931 -80.21410891840912
