0 1465.9009 1365.5711 218.7786 469.407 -44.163376389534136
0 317.49 992.2813 142.0059 210.9579 65.40842337374147
0 312.6194 668.2079 179.369 207.6227 -81.97859086816848
0 601.8483 609.3494 172.819 316.3594 -17.188751454018586
0 771.7513 1446.8295 299.4292 497.9019 18.334649444186343
0 1334.6827 304.6209 147.8117 216.6232 14.896902673401405
0 1512.2657 803.5164 226.8567 371.0224 79.68674208755135
0 1425.6328 551.8236 180.7453 204.4326 84.2704044485979
0 1433.1456 433.4321 147.684 164.3305 71.09237516058897
0 856.8063 227.6376 138.7518 212.5896 -13.2236554524697
0 1071.0494 400.1494 239.0 416.0 0.0
