0 599.0101 929.2144 263.8945 271.4419 -55.62253229215061
0 307.9224 903.749 151.6 169.4 0.0
0 381.0447 575.5134 141.6057 182.8275 25.210142985756224
0 591.7725 604.449 160.9091 286.3426 -22.918329405326745
0 969.3943 238.9554 110.4974 182.69 -7.448468936794541
0 1135.6224 195.0999 135.0 185.3019 0.0
0 1401.431 309.3643 138.7093 252.0034 32.0856365273261
0 1490.4516 489.8827 202.6777 226.3561 72.81124854598141
0 1413.8724 554.049 177.2 202.5 -90.0
0 1623.9808 714.7931 154.0487 221.7102 72.81124854598141
0 1111.102 673.1204 331.4735 462.9122 -2.3374573449840454
0 1096.2224 432.649 259.8 296.4 0.0
