0 601.6316 928.8319 256.4094 281.3426 -55.62253229215061
0 311.6918 1030.7872 161.2814 213.0446 53.94926747112507
0 376.083 589.7245 139.8004 153.6283 25.210142985756224
0 600.9933 602.1746 170.2119 302.1452 -17.188751454018586
0 1202.6359 962.4605 260.4358 344.343 -29.793822946896682
0 1148.3419 207.2277 139.0216 198.3006 3.437746770784939
0 1354.5072 294.1078 151.5818 246.5683 22.91831180523293
0 1565.6441 436.5684 166.3994 234.2922 29.26645611603891
0 1412.4825 553.1458 181.3937 212.7203 -90.0
0 1614.7605 807.4407 197.7561 420.9257 68.8005439800657
0 968.2606 221.936 127.8264 237.0013 -2.9104151401148783
0 1600.9879 1098.9751 245.6519 486.0552 88.85406680964451
