0 601.6316 928.8319 256.4094 281.3426 -55.62253229215061
0 310.3471 910.0588 154.87 156.4424 5.729577951308232
0 370.8882 595.3903 163.7767 168.1244 19.48056503444799
0 600.4381 603.7422 151.6846 245.1905 -17.188751454018586
0 904.9334 228.4283 109.9639 149.0196 -3.437764370878824
0 1122.1224 161.0999 117.3019 120.0 -90.0
0 1367.4198 294.6587 160.3248 217.3562 19.19408613688258
0 1460.6756 455.3915 164.6059 198.3993 72.81124854598141
0 1416.1224 553.449 176.0 198.0 -90.0
0 1618.2185 718.7089 158.1248 208.386 72.81124854598141
0 1079.3347 480.7158 271.2929 476.9868 -0.6185839595915752
0 1124.1224 304.249 186.0 240.4 0.0
