0 317.9106 1029.4869 128.8959 179.6483 49.89293674074855
0 344.4802 643.3794 133.4548 146.2186 32.70420288682379
0 549.3555 544.7987 155.9501 227.5382 61.35209264336498
0 578.6304 1084.913 190.8936 259.547 34.37746770784939
0 1569.8642 799.5779 189.1269 246.9492 83.12448885833629
0 1408.3831 548.7707 180.4053 182.4165 84.2704044485979
0 1315.9826 321.9336 151.3176 152.4423 1.673247220931728
0 1190.0589 218.9489 97.5026 129.1486 -5.443116653836682
0 969.6214 223.9131 115.0181 156.0 -1.7600093883629597e-05
0 1025.8409 1073.887 303.9862 377.3353 -44.44985528709955
