0 601.6316 928.8319 256.4094 281.3426 -55.62253229215061
0 299.6196 910.8587 166.1942 170.4491 -84.27042204869177
0 370.8882 596.5903 163.7767 168.1244 19.48056503444799
0 605.2381 602.5422 151.6846 245.1905 -17.188751454018586
0 915.1204 225.975 124.2859 141.0531 -3.437764370878824
0 1122.1224 161.0999 117.3019 120.0 -90.0
0 1337.5768 290.7718 141.3057 199.684 14.896902673401405
0 1460.6756 455.3915 164.6059 198.3993 72.81124854598141
0 1416.1224 553.449 176.0 198.0 -90.0
0 1618.2185 718.7089 158.1248 208.386 72.81124854598141
0 991.7067 449.1846 256.1533 474.5295 -9.78590868168476
0 1125.3224 356.249 188.4 347.6 0.0
