0 605.4143 931.182 259.4262 277.7828 -55.62253229215061
0 320.992 1022.8011 178.3732 240.7857 53.94926747112507
0 363.049 616.363 166.1506 189.2071 25.210142985756224
0 600.9933 602.1746 170.2119 302.1452 -17.188751454018586
0 1689.1952 1099.68 162.5242 312.9983 -82.50594009893234
0 1358.8414 1419.6334 259.7427 499.7065 -27.50199176637335
0 1322.5339 263.9817 121.9019 264.9029 16.04281826366305
0 1656.8766 810.8811 165.5147 289.9951 -59.06027906293555
0 1412.4825 553.1458 181.3937 212.7203 -90.0
0 1577.0776 806.9637 193.0816 476.0868 71.09237516058897
0 814.4385 206.4233 157.1974 204.4613 -14.369571042731309
0 1266.0481 1044.7267 266.902 454.2176 62.49800823362665
