0 578.4494 1040.9494 241.2473 287.786 4.0563131302826605
0 327.4318 931.6421 142.5402 153.6132 -1.6732648210255547
0 345.566 627.3565 132.2114 184.0287 19.48056503444799
0 580.2724 615.7268 216.7705 299.965 -22.918329405326745
0 1229.4703 208.8462 123.6271 166.6908 11.459155902616464
0 1537.338 1345.9628 206.9887 510.6234 -50.511538300433955
0 1519.1949 794.7307 185.7495 336.7174 84.2704044485979
0 1418.8577 550.2361 178.994 205.0774 84.2704044485979
0 1441.6401 423.3125 155.4696 188.4065 65.36279720928076
0 896.0623 229.4176 136.6408 233.1411 -5.775204115768986
0 1742.3799 1137.9702 215.4129 331.2178 -81.16905767555363
