0 601.6316 928.8319 256.4094 281.3426 -55.62253229215061
0 310.9812 912.266 156.5726 160.7083 5.729577951308232
0 370.8882 595.3903 163.7767 168.1244 19.48056503444799
0 600.4381 603.7422 151.6846 245.1905 -17.188751454018586
0 910.927 230.8016 110.7526 149.0256 -3.437764370878824
0 1122.1224 161.0999 117.3019 120.0 -90.0
0 1352.3911 291.8007 155.9605 207.5108 16.32929716122846
0 1460.6756 455.3915 164.6059 198.3993 72.81124854598141
0 1416.1224 553.449 176.0 198.0 -90.0
0 1618.2185 718.7089 158.1248 208.386 72.81124854598141
0 1063.3347 476.3158 271.2929 476.9868 -1.7644995498532126
0 1124.1224 303.849 186.0 241.2 0.0
