0 581.9708 1035.3177 241.3473 310.7617 4.0563131302826605
0 334.1413 928.9057 148.5345 156.1134 88.32673517897445
0 348.0646 621.3449 129.2862 163.1925 19.48056503444799
0 598.4776 602.6552 182.282 296.8639 -22.918329405326745
0 1294.6801 210.2925 138.3994 152.6871 11.459155902616464
0 1702.0164 861.7517 198.9142 401.016 81.36000690857689
0 1499.1257 802.618 196.7458 370.1061 84.2704044485979
0 1418.8577 550.2361 178.994 205.0774 84.2704044485979
0 1434.1552 433.1637 166.6044 170.2605 76.82195311189724
0 974.7245 246.211 115.7995 199.2611 -2.9104151401148783
0 1458.3005 1275.4647 220.0801 478.0954 -56.14988152291454
