0 581.9708 1035.3177 241.3473 310.7617 4.0563131302826605
0 334.1413 928.9057 148.5345 156.1134 88.32673517897445
0 348.0646 621.3449 129.2862 163.1925 19.48056503444799
0 598.4776 602.6552 182.282 296.8639 -22.918329405326745
0 1292.9043 210.0481 137.3697 152.3971 11.459155902616464
0 1698.3519 776.1262 192.955 384.8049 75.63042895726868
0 1499.5757 804.418 193.0739 370.6422 84.2704044485979
0 1418.8577 550.2361 178.994 205.0774 84.2704044485979
0 1419.9483 423.287 147.0982 163.5221 -13.178046888102756
0 974.7245 246.211 115.7995 199.2611 -2.9104151401148783
0 1517.7899 1270.0426 189.6834 491.6341 -64.74424844987692
