0 601.6316 928.8319 256.4094 281.3426 -55.62253229215061
0 320.6217 1023.0312 178.4369 239.916 53.94926747112507
0 367.286 606.5651 164.5625 168.6593 25.210142985756224
0 600.9933 602.1746 170.2119 302.1452 -17.188751454018586
0 1621.6819 1240.7048 168.4617 361.0852 -75.82141339047962
0 1218.4518 934.5662 353.768 391.2086 -82.3605818301822
0 1357.5326 280.1798 133.1689 261.5208 20.626480624709636
0 1666.2252 712.5683 171.6763 328.8182 84.2704044485979
0 1412.4825 553.1458 181.3937 212.7203 -90.0
0 1585.0776 830.9637 193.0816 476.0868 67.2726374277903
0 810.6385 205.9566 148.9673 201.6646 -14.369571042731309
0 1684.9852 990.7329 213.1007 420.7366 76.63098627878009
