0 601.6316 928.8319 256.4094 281.3426 -55.62253229215061
0 320.992 1022.8011 178.3732 240.7857 53.94926747112507
0 362.0656 618.6673 166.3341 194.2145 25.210142985756224
0 600.9933 602.1746 170.2119 302.1452 -17.188751454018586
0 1684.6557 1084.5566 164.9354 335.5131 -83.65185568919406
0 1406.3832 1402.507 247.0383 496.2759 -32.08565412741996
0 1307.5333 251.4664 133.5972 254.3867 14.896902673401405
0 1655.7413 809.2281 160.6452 284.8819 -55.62253229215061
0 1412.4825 553.1458 181.3937 212.7203 -90.0
0 1577.0776 806.9637 193.0816 476.0868 71.09237516058897
0 817.0304 204.4714 159.0607 201.1928 -14.369571042731309
0 1163.8464 924.1001 337.9823 468.925 69.9464595703273
