0 580.8838 1030.9617 244.6909 308.0557 4.0563131302826605
0 327.4318 931.6421 142.5402 153.6132 -1.6732648210255547
0 354.5005 619.5079 118.3764 183.022 19.48056503444799
0 597.72 606.7112 186.8365 303.7455 -22.918329405326745
0 1271.0012 204.4256 138.8709 153.3645 11.459155902616464
0 1490.9677 1341.9364 250.209 501.8148 -43.636044758864074
0 1523.0353 797.5505 179.3713 343.7968 84.2704044485979
0 1418.8577 550.2361 178.994 205.0774 84.2704044485979
0 1477.5564 480.628 130.0315 244.534 88.28110901451367
0 926.0623 222.9176 136.6408 233.1411 -2.9104151401148783
0 1636.2903 1083.0586 275.5822 454.5703 -89.38143364050228
