0 317.9106 1029.4869 128.8959 179.6483 49.89293674074855
0 344.4802 643.3794 133.4548 146.2186 32.70420288682379
0 549.3555 544.7987 155.9501 227.5382 61.35209264336498
0 578.6304 1084.913 190.8936 259.547 34.37746770784939
0 1565.8642 798.7779 191.6731 239.1983 83.12448885833629
0 1408.3831 548.7707 180.4053 182.4165 84.2704044485979
0 1319.4826 321.9336 144.3206 152.2379 1.673247220931728
0 1184.5778 224.2181 88.2738 120.2444 -12.60508909297198
0 969.6214 223.9131 115.0181 156.0 -1.7600093883629597e-05
0 1061.6639 1060.5643 418.0776 418.2069 -16.66140222325464
