0 1497.0342 1335.3369 257.7333 475.1196 -44.163376389534136
0 315.0364 956.9475 173.4572 190.1816 -89.38143364050228
0 674.8705 351.0436 272.8334 392.7479 58.44169510334397
0 599.42 609.3342 177.4495 314.8951 -17.188751454018586
0 745.3444 1439.3709 312.9042 511.0342 22.91831180523293
0 1291.9359 249.735 163.3088 223.1054 12.605071492878112
0 1583.0752 918.1352 214.0986 473.1453 84.2704044485979
0 1414.4825 549.1458 181.3937 212.7203 -90.0
0 1423.6514 423.2359 150.3369 191.8666 65.36279720928076
0 848.1418 207.144 130.06 187.2485 -14.369571042731309
0 1079.9494 393.9494 200.0 414.0 0.0
