0 581.9708 1035.3177 241.3473 310.7617 4.0563131302826605
0 330.5649 930.3235 145.9089 148.8808 88.32673517897445
0 339.3708 651.3176 133.0187 154.3656 19.48056503444799
0 600.0325 601.2375 178.3133 295.4632 -22.918329405326745
0 1198.4092 222.9315 90.0245 119.9282 5.729577951308232
0 1285.824 312.8197 200.168 220.1679 -4.583679961140433
0 1496.5757 809.418 193.0739 370.6422 84.2704044485979
0 1418.8577 550.2361 178.994 205.0774 84.2704044485979
0 1405.2533 413.9341 135.1571 169.9907 -18.907624839411028
0 974.7245 246.211 115.7995 199.2611 -2.9104151401148783
