0 580.6472 1037.9181 243.62 316.1367 4.0563131302826605
0 318.6204 949.7051 154.0621 166.2219 -88.23551805024061
0 340.9708 648.3176 132.1722 149.5736 19.48056503444799
0 599.3081 601.418 184.4671 294.2837 -22.918329405326745
0 1209.4844 222.4822 111.9745 123.0337 5.729577951308232
0 1332.9135 314.0772 158.8917 159.7502 -69.37351937529036
0 1500.099 806.8633 188.6937 378.1636 84.2704044485979
0 1419.2371 553.9556 171.5164 205.0651 84.2704044485979
0 1729.3783 1049.6056 226.1252 379.6251 -87.13521102434588
0 986.5091 242.8778 127.5908 195.1882 -2.9104151401148783
