0 601.6316 928.8319 256.4094 281.3426 -55.62253229215061
0 324.8825 1021.5031 165.454 235.6181 53.94926747112507
0 381.9712 591.503 122.6699 176.3689 4.583662361046586
0 601.8238 593.8383 154.6008 293.2625 -17.188751454018586
0 1700.9304 1015.3705 134.4919 312.8188 75.14870589096552
0 1495.7941 1342.3057 217.7371 439.9663 -63.02537506448442
0 1176.0612 192.7986 123.8501 180.9357 5.729577951308232
0 1670.3758 771.1004 176.7237 342.2839 68.22758618493486
0 1412.4825 553.1458 181.3937 212.7203 -90.0
0 1598.0523 713.5373 183.6377 387.9174 51.03885233101016
0 837.5494 203.6022 149.7254 182.8185 -8.639993091423094
0 1079.0204 400.7475 198.7318 412.1474 2.291831180523293
