0 601.6316 928.8319 256.4094 281.3426 -55.62253229215061
0 313.943 1037.7628 159.956 217.6148 53.94926747112507
0 376.083 589.7245 139.8004 153.6283 25.210142985756224
0 600.9933 602.1746 170.2119 302.1452 -17.188751454018586
0 1100.7525 572.9038 185.9856 398.5911 -2.8648065757479912
0 1177.9529 189.9939 129.4837 163.8344 5.729577951308232
0 1330.9651 291.967 132.8128 229.6499 20.626480624709636
0 1473.439 383.0818 167.7488 216.7563 26.97462493551558
0 1412.4825 553.1458 181.3937 212.7203 -90.0
0 1635.6613 746.4669 199.4592 361.0448 71.09237516058897
0 971.4936 216.8591 118.7629 219.0331 -2.9104151401148783
0 1369.0599 1068.8144 354.4794 508.4957 -79.68675968764518
