0 601.6316 928.8319 256.4094 281.3426 -55.62253229215061
0 310.7873 1030.2462 170.783 213.8704 53.94926747112507
0 376.083 589.7245 139.8004 153.6283 25.210142985756224
0 600.9933 602.1746 170.2119 302.1452 -17.188751454018586
0 1247.3952 1068.9043 254.9984 382.9172 -55.57692372778371
0 1120.7336 220.153 135.429 223.072 1.7188733853924696
0 1361.5195 294.9434 145.1921 253.199 24.637185190625402
0 1574.7229 459.8083 165.3873 247.4441 30.98532950143135
0 1412.4825 553.1458 181.3937 212.7203 -90.0
0 1596.5014 814.3093 190.4674 438.1746 67.08167059467326
0 963.6189 222.676 126.92 239.4398 -2.9104151401148783
0 1651.0559 1090.2927 218.3873 440.3186 83.69744665346707
