0 1458.9447 1380.6727 277.6509 480.7914 -44.163376389534136
0 317.49 992.2813 142.0059 210.9579 65.40842337374147
0 338.9961 636.296 144.5804 163.6929 19.48056503444799
0 601.8483 609.3494 172.819 316.3594 -17.188751454018586
0 697.8427 1416.8427 222.7844 534.2051 45.83662361046586
0 1285.1876 289.4419 197.3655 247.5038 -2.2918487806171015
0 1537.0805 801.0677 177.3009 342.3104 84.2704044485979
0 1425.6328 551.8236 180.7453 204.4326 84.2704044485979
0 1429.7176 431.0745 141.0015 159.3724 71.09237516058897
0 843.2597 206.8053 151.6185 170.5987 -12.077739862208034
0 1050.6119 405.0807 237.745 415.736 -4.583679961140433
