0 589.2925 993.2637 231.576 313.9467 64.1712730546522
0 309.8467 1023.8771 98.8909 205.0419 44.53643033381829
0 353.2609 613.699 159.3024 168.449 27.256404455286447
0 585.6841 609.3779 201.7738 303.275 -17.188751454018586
0 1638.5634 1206.3003 151.9207 338.697 -56.845624173541864
0 1503.4717 1334.0942 192.5413 447.0497 -53.61248063139817
0 936.1612 368.9657 191.3579 427.2147 -14.364928960716327
0 1709.6094 858.8002 162.924 354.436 -88.5266963256006
0 1413.2633 546.7596 170.1661 208.2819 -90.0
0 1593.4561 776.6214 198.0815 449.0222 68.2603020750368
0 806.9166 203.8838 130.1276 164.059 -20.09914899403958
0 1127.8422 420.0041 201.7143 444.7477 -1.7600093883629597e-05
