0 601.6316 928.8319 256.4094 281.3426 -55.62253229215061
0 316.6883 1002.5055 173.2701 338.9316 84.2704044485979
0 366.2283 608.352 164.3795 165.8709 19.48056503444799
0 576.9224 604.449 205.9842 250.4589 -17.188751454018586
0 859.1561 222.1007 107.9846 129.7569 -9.167342322186983
0 1121.1224 169.0999 122.0 129.3019 0.0
0 1333.5768 279.9718 128.0216 218.5014 14.896902673401405
0 1457.4446 448.576 179.5378 200.5443 72.81124854598141
0 1416.1224 553.449 176.0 198.0 -90.0
0 1618.2185 718.7089 158.1248 208.386 72.81124854598141
0 952.8676 365.5184 150.9983 403.5961 -1.7644995498532126
0 1126.87 385.1308 162.7979 403.089 1.1459155902616465
