0 601.6316 928.8319 256.4094 281.3426 -55.62253229215061
0 1037.5411 780.1213 302.0134 496.7627 -32.61298575809002
0 378.9301 578.2292 139.0084 160.0776 25.210142985756224
0 569.3327 611.9495 207.4179 248.6007 -17.188751454018586
0 884.7561 221.3007 107.9846 129.7569 -9.167342322186983
0 1206.3371 189.4123 128.644 148.4433 11.459155902616464
0 1345.037 277.1993 124.184 212.3112 14.896902673401405
0 1431.692 436.2958 145.2566 171.4946 61.35209264336498
0 1407.6224 550.449 170.0 215.0 -90.0
0 1624.2804 713.5618 160.2801 223.0106 72.81124854598141
0 983.8152 208.4062 114.3841 218.8143 -5.202246320638153
0 1095.7225 398.949 231.4585 381.6138 5.729577951308232
