0 581.9708 1035.3177 241.3473 310.7617 4.0563131302826605
0 321.4903 916.3448 163.2513 224.1822 -1.6732648210255547
0 340.9708 648.3176 132.1722 149.5736 19.48056503444799
0 604.461 596.974 171.7236 300.8788 -22.918329405326745
0 1209.4844 222.4822 111.9745 123.0337 5.729577951308232
0 1348.1971 319.8556 136.6305 164.318 -69.37351937529036
0 1492.099 809.3633 192.0713 361.7444 84.2704044485979
0 1419.2371 553.9556 171.5164 205.0651 84.2704044485979
0 1430.5157 433.3459 151.303 167.0761 -18.907624839411028
0 978.7362 245.2332 117.8689 198.4095 -2.9104151401148783
