0 1475.9009 1358.9711 210.7277 478.3414 -44.163376389534136
0 317.49 992.2813 142.0059 210.9579 65.40842337374147
0 345.3473 615.3444 137.4713 154.7112 19.48056503444799
0 601.8483 609.3494 172.819 316.3594 -17.188751454018586
0 691.0035 1411.013 241.3158 509.8797 40.10704565915762
0 1378.8164 294.0069 149.0076 251.0289 21.772396214971284
0 1530.9494 802.4494 170.4317 354.7873 84.2704044485979
0 1425.6328 551.8236 180.7453 204.4326 84.2704044485979
0 1429.7176 431.0745 141.0015 159.3724 71.09237516058897
0 852.5994 198.2602 126.6386 185.7101 -6.348161910899819
0 1039.2989 398.8402 228.5725 416.7442 -5.729595551402099
