0 601.6316 928.8319 256.4094 281.3426 -55.62253229215061
0 728.5164 1246.0417 294.4558 443.9189 44.16335878944028
0 364.1152 607.5493 148.9783 154.0364 -67.65464598989789
0 580.1224 608.449 188.5548 263.4902 -17.188751454018586
0 871.1561 222.1007 107.9846 129.7569 -9.167342322186983
0 1171.804 180.6056 125.0015 137.9191 5.729577951308232
0 1372.6225 270.949 161.3661 221.9436 14.896902673401405
0 1424.3521 415.7083 174.5419 178.7421 61.35209264336498
0 1407.6224 550.449 170.0 215.0 -90.0
0 1618.2185 718.7089 158.1248 208.386 72.81124854598141
0 978.3724 214.449 151.8954 220.5721 -5.775204115768986
0 1097.6224 408.449 247.0 400.0 0.0
