0 1494.7983 1337.5945 251.3797 475.2431 -44.163376389534136
0 317.5088 932.3011 190.0942 195.6263 2.3374397448902187
0 711.0641 338.0457 279.1389 396.8793 61.87944187412891
0 600.6341 609.3418 175.1343 315.6273 -17.188751454018586
0 746.6704 1437.6728 311.7841 506.8734 22.91831180523293
0 1260.3726 230.1355 186.2595 202.5859 10.886198107485642
0 1573.575 921.6654 221.5031 466.1774 84.2704044485979
0 1414.4825 549.1458 181.3937 212.7203 -90.0
0 1404.9155 419.0435 166.7831 194.5865 65.36279720928076
0 848.1418 207.144 130.06 187.2485 -14.369571042731309
0 1079.9494 393.9494 200.0 414.0 0.0
