0 581.9708 1035.3177 241.3473 310.7617 4.0563131302826605
0 334.1413 928.9057 148.5345 156.1134 88.32673517897445
0 348.0646 621.3449 129.2862 163.1925 19.48056503444799
0 598.4776 602.6552 182.282 296.8639 -22.918329405326745
0 1236.3751 226.0622 108.8137 129.5142 -82.5515486632993
0 1607.3366 502.72 194.268 272.4672 50.99324376664326
0 1499.5757 804.418 193.0739 370.6422 84.2704044485979
0 1418.8577 550.2361 178.994 205.0774 84.2704044485979
0 1413.6469 426.8183 133.2173 159.5186 -13.178046888102756
0 974.7245 246.211 115.7995 199.2611 -2.9104151401148783
0 1758.3032 1179.2011 197.6659 335.5466 -76.20340435249335
