0 593.3889 994.496 226.3349 294.6879 43.54479242994257
0 318.1824 1018.1068 99.7419 224.1288 42.65380561057748
0 344.5537 608.9602 169.7956 176.2148 -61.35623553958378
0 578.8138 609.9595 217.1909 303.9106 -17.188751454018586
0 1706.824 1180.6675 157.0738 303.983 -78.95274233242861
0 1522.2613 1302.5543 213.0421 455.135 -61.9274160416752
0 883.3585 444.3756 212.3507 474.4233 -20.548289485768066
0 1790.0022 733.3314 92.5068 204.5423 22.745623449655
0 1414.7044 551.3558 184.1408 204.4948 -90.0
0 1588.1735 798.5558 214.7828 416.6771 71.34373174531288
0 800.1242 186.5282 126.9636 128.7327 69.95293286953783
0 1138.603 428.1177 189.2208 443.0676 4.583662361046586
