0 582.5338 1034.7263 250.2365 300.0064 4.0563131302826605
0 324.4318 933.6421 148.6545 149.7901 -1.6732648210255547
0 342.84 635.8387 132.0275 175.5336 25.210142985756224
0 576.5546 620.0404 187.2877 298.067 -22.918329405326745
0 942.1918 1454.7744 278.1742 509.3788 12.605071492878112
0 1537.661 1339.2305 209.9659 511.6909 -50.511538300433955
0 1531.3828 795.4645 175.5267 344.377 84.2704044485979
0 1415.3883 554.0641 185.356 217.2345 84.2704044485979
0 1430.4252 430.5893 134.4886 167.4504 71.09237516058897
0 1121.7285 196.1995 126.493 185.427 2.8191628111933653
0 1167.0059 441.2883 172.3631 446.9163 11.459155902616464
