0 590.1155 991.7329 262.9435 287.497 34.37746770784939
0 332.6224 886.349 153.0 155.0 0.0
0 383.4947 579.6634 142.6435 182.4494 25.210142985756224
0 581.1289 613.4543 213.313 315.7492 -22.918329405326745
0 950.2027 223.7932 117.1346 154.5195 -8.59438452705615
0 1130.8224 191.4999 135.0 185.3019 0.0
0 1401.431 309.3643 138.7093 252.0034 32.0856365273261
0 1496.7516 491.9827 210.4137 237.1522 72.81124854598141
0 1417.1224 556.449 178.0 196.0 -90.0
0 1623.9808 714.7931 154.0487 221.7102 72.81124854598141
0 1161.7922 861.8232 359.114 365.6366 -21.62705554631492
0 1110.6224 413.949 269.0 373.0 0.0
