0 601.6316 928.8319 256.4094 281.3426 -55.62253229215061
0 1129.3794 643.3184 356.8343 584.0194 2.3374397448902187
0 368.1416 598.8995 137.3508 150.9761 25.210142985756224
0 573.0327 601.1495 193.9652 267.0492 -17.188751454018586
0 873.1561 220.1007 107.9846 129.7569 -9.167342322186983
0 1173.4134 180.6636 127.94 137.5843 3.437746770784939
0 1345.1804 288.0062 118.499 201.392 14.896902673401405
0 1434.492 433.4958 145.2566 171.4946 61.35209264336498
0 1407.6224 550.449 170.0 215.0 -90.0
0 1620.7871 714.3248 160.8869 215.8849 72.81124854598141
0 971.3902 205.9262 113.8334 223.5105 -4.629288525507349
0 1082.1903 395.2061 233.3966 379.6833 5.729577951308232
