0 601.6316 928.8319 256.4094 281.3426 -55.62253229215061
0 305.3456 994.9644 178.3869 216.2808 71.13800132504974
0 376.083 589.7245 139.8004 153.6283 25.210142985756224
0 600.9933 602.1746 170.2119 302.1452 -17.188751454018586
0 1029.9758 395.811 161.2648 334.1742 -1.7600093883629597e-05
0 1196.1529 192.9939 127.8917 163.6747 5.729577951308232
0 1317.3681 252.4519 126.9086 146.0658 20.626480624709636
0 1400.9466 329.5675 186.1668 221.982 21.24504698420742
0 1412.4825 553.1458 181.3937 212.7203 -90.0
0 1618.7846 674.7936 200.5829 309.8763 59.63321925797254
0 944.9826 210.6458 121.0917 199.6813 -8.639993091423094
0 1142.4353 607.1629 345.5348 401.5453 -10.026779014883289
