0 585.0694 996.0318 235.3287 307.1109 86.56223562912118
0 317.2745 1015.8394 142.6028 181.3873 59.515151380364415
0 365.8396 604.7967 125.2657 154.6958 -64.69892861215652
0 604.7287 599.9877 155.069 294.7147 -17.188751454018586
0 1686.1298 1023.4482 159.4072 330.0903 69.4009078817721
0 1508.1259 1330.0319 197.8055 448.374 -51.657147563955164
0 1013.9002 213.1056 149.3846 202.1752 -5.50224589829412
0 1755.3697 661.4394 156.8408 162.7457 -19.262285714597
0 1415.4825 541.1458 181.3937 212.7203 -90.0
0 1620.7641 709.8519 188.5802 358.9486 63.27104289081717
0 812.0299 209.7597 115.1539 183.0069 -20.09914899403958
0 1094.7112 410.7339 197.2095 437.5802 -1.7600093883629597e-05
