0 601.6316 928.8319 256.4094 281.3426 -55.62253229215061
0 846.5787 958.2231 324.2502 387.3086 86.60786179358195
0 368.1416 598.8995 137.3508 150.9761 25.210142985756224
0 572.0824 607.2242 199.7535 257.4619 -17.188751454018586
0 883.7561 220.3007 107.9846 129.7569 -9.167342322186983
0 1198.9857 182.1113 113.0031 138.5363 11.459155902616464
0 1377.9966 272.9668 149.9416 220.8068 14.896902673401405
0 1446.108 430.837 137.8295 191.1751 61.35209264336498
0 1407.6224 550.449 170.0 215.0 -90.0
0 1618.2185 718.7089 158.1248 208.386 72.81124854598141
0 979.7724 215.849 145.4631 220.0981 -2.9104151401148783
0 1103.0224 409.349 236.2 401.8 0.0
