0 601.6316 928.8319 256.4094 281.3426 -55.62253229215061
0 655.729 1294.9807 317.8437 521.3807 58.53292983217165
0 382.3724 573.999 141.0219 156.1017 25.210142985756224
0 572.4442 605.1474 215.6031 259.7584 -17.188751454018586
0 866.0343 248.6433 151.9324 185.8481 -13.178046888102756
0 1166.4245 183.8453 146.3746 155.784 5.729577951308232
0 1328.6729 293.5702 130.5054 224.3156 9.167324722093172
0 1431.692 436.2958 145.2566 171.4946 61.35209264336498
0 1408.2224 550.749 170.6 216.2 -90.0
0 1628.9353 714.5152 152.6671 230.1863 76.82195311189724
0 960.1372 218.9126 120.65 219.0838 -2.9104151401148783
0 1101.025 412.7467 242.1949 392.1954 0.0
