0 582.5338 1034.7263 250.2365 300.0064 4.0563131302826605
0 325.4318 932.9754 146.6164 151.0645 -1.6732648210255547
0 346.84 634.2387 132.0275 175.5336 25.210142985756224
0 576.5546 620.0404 187.2877 298.067 -22.918329405326745
0 980.4805 1366.752 298.3435 438.9602 15.278893635415123
0 1527.261 1351.2305 209.9659 511.6909 -50.511538300433955
0 1534.4622 794.8562 174.931 350.6265 84.2704044485979
0 1419.8577 540.5694 201.6117 213.3769 84.2704044485979
0 1432.2763 431.9404 130.7325 170.0772 71.09237516058897
0 1123.2039 200.3291 123.1396 193.5312 2.8191628111933653
0 1173.2996 464.4268 249.0522 439.2205 5.729577951308232
