0 601.6316 928.8319 256.4094 281.3426 -55.62253229215061
0 274.9767 895.0846 166.4208 227.3352 -82.7425154964164
0 370.6215 598.057 163.7767 168.1244 19.48056503444799
0 606.2837 601.856 155.5951 245.3245 -17.188751454018586
0 910.2695 216.6367 131.129 135.3355 -3.8197553328924982
0 1122.0557 161.6332 118.1019 120.1333 -90.0
0 1332.7101 281.6051 127.1863 214.8989 14.896902673401405
0 1457.9831 449.7119 177.0491 200.1868 72.81124854598141
0 1416.1224 553.449 176.0 198.0 -90.0
0 1618.2185 718.7089 158.1248 208.386 72.81124854598141
0 931.8536 426.6266 224.7541 455.6485 -9.212950886553926
0 1118.6557 390.9157 188.2667 416.9333 0.0
