0 317.9106 1029.4869 128.8959 179.6483 49.89293674074855
0 344.4802 643.3794 133.4548 146.2186 32.70420288682379
0 549.3555 544.7987 155.9501 227.5382 61.35209264336498
0 578.6304 1084.913 190.8936 259.547 34.37746770784939
0 1564.4642 796.1779 197.1709 237.041 83.12448885833629
0 1408.3831 548.7707 180.4053 182.4165 84.2704044485979
0 1319.4826 321.9336 144.3206 152.2379 1.673247220931728
0 1188.6949 228.041 82.2483 110.3841 -6.875511141663708
0 971.6305 231.4131 111.0 141.0001 -1.7600093883629597e-05
0 992.5687 1127.0537 292.0349 655.2082 -25.828726945347796
