0 1484.3632 1330.8091 268.8195 481.0695 -44.163376389534136
0 312.3993 983.2369 149.8102 190.2748 88.78510141507905
0 622.0986 372.2586 261.8435 384.7053 52.94130027008807
0 598.125 609.3261 179.9192 314.1142 -17.188751454018586
0 743.93 1441.1822 314.099 515.4725 22.91831180523293
0 1324.8035 267.1211 138.9346 239.1699 14.438536437296746
0 1602.1292 921.0615 203.8651 469.4305 83.81203821249329
0 1414.4825 549.1458 181.3937 212.7203 -90.0
0 1443.08 427.8111 132.5182 187.8679 65.36279720928076
0 848.7818 207.064 130.06 187.2485 -14.369571042731309
0 1079.2294 394.1894 200.0 414.0 0.0
