0 581.9708 1035.3177 241.3473 310.7617 4.0563131302826605
0 341.5131 886.4433 169.8399 228.1995 -1.6732648210255547
0 340.9708 648.3176 132.1722 149.5736 19.48056503444799
0 604.2914 599.7112 169.2793 295.9687 -22.918329405326745
0 1209.4844 222.4822 111.9745 123.0337 5.729577951308232
0 1356.6293 308.8989 161.1367 202.1501 4.583662361046586
0 1487.7519 810.9193 194.2997 352.783 84.2704044485979
0 1418.9336 550.98 177.4985 205.0749 84.2704044485979
0 1447.1821 405.6201 153.557 219.3013 71.09237516058897
0 974.7245 246.211 115.7995 199.2611 -2.9104151401148783
