0 581.9708 1035.3177 241.3473 310.7617 4.0563131302826605
0 331.5062 931.2102 144.0814 150.7107 88.32673517897445
0 338.1708 655.8176 133.6536 157.9596 19.48056503444799
0 599.3238 601.6741 179.9591 295.7156 -22.918329405326745
0 1198.4092 222.9315 90.0245 119.9282 5.729577951308232
0 1287.3587 310.1794 200.4484 225.4414 -6.302553346532932
0 1496.5757 809.418 193.0739 370.6422 84.2704044485979
0 1418.8577 550.2361 178.994 205.0774 84.2704044485979
0 1404.2446 413.4707 133.5487 171.5212 -18.907624839411028
0 974.7245 246.211 115.7995 199.2611 -2.9104151401148783
