0 598.8026 1002.2871 242.2781 256.2312 34.37746770784939
0 332.6224 889.949 153.0 155.0 0.0
0 335.4864 637.3468 142.4148 162.7774 25.210142985756224
0 590.3724 616.949 183.125 318.858 -22.918329405326745
0 855.7917 221.1176 94.7807 146.9661 -9.167342322186983
0 1102.3724 181.8499 137.5 158.8019 0.0
0 1401.431 309.3643 138.7093 252.0034 32.0856365273261
0 1496.7516 491.9827 210.4137 237.1522 72.81124854598141
0 1417.1224 556.449 178.0 196.0 -90.0
0 1626.9064 703.0035 156.9083 230.7627 72.81124854598141
0 1535.5338 988.0905 205.5973 479.2643 82.26505216564004
0 1110.6224 413.949 269.0 373.0 0.0
