0 604.2355 929.3617 276.7385 286.2391 -55.62253229215061
0 324.8825 1021.5031 165.454 235.6181 53.94926747112507
0 371.3348 604.2098 123.1391 149.6702 -61.35211024345884
0 599.9777 597.7456 160.1895 289.7727 -17.188751454018586
0 1694.0839 995.8562 169.335 323.0289 56.24109865164834
0 1492.9538 1350.6214 224.1756 454.3008 -63.02537506448442
0 1127.4187 175.4652 111.9395 151.5202 3.437746770784939
0 1675.1545 730.7469 196.9273 366.3097 76.24899531676641
0 1414.8825 543.5458 181.3937 212.7203 -90.0
0 1588.9688 660.1605 128.8194 296.5491 27.54758273064641
0 822.1611 207.5428 153.2616 182.7837 -13.2236554524697
0 1085.0148 408.7787 204.931 433.3522 -1.7600093883629597e-05
