0 598.7802 1066.2998 200.1773 394.1061 34.37746770784939
0 325.4224 896.499 138.6 151.9 0.0
0 386.1725 597.149 139.1035 140.7572 25.210142985756224
0 578.6587 639.4372 207.8848 320.9851 -22.918329405326745
0 942.6224 274.949 129.0 129.0 0.0
0 1221.0455 217.6046 166.1738 173.4831 -80.25971748277601
0 1401.431 309.3643 138.7093 252.0034 32.0856365273261
0 1497.5858 489.0447 205.2931 240.4825 72.81124854598141
0 1417.1224 556.449 178.0 196.0 -90.0
0 1627.464 708.207 134.7061 239.6665 72.81124854598141
0 1573.3508 887.3236 203.2598 442.5611 74.53012193137391
0 1098.6224 439.949 261.0 321.0 0.0
