0 580.8838 1030.9617 244.6909 308.0557 4.0563131302826605
0 327.4318 931.6421 142.5402 153.6132 -1.6732648210255547
0 350.5758 614.918 128.8379 176.9854 19.48056503444799
0 597.72 606.7112 186.8365 303.7455 -22.918329405326745
0 1298.4012 213.1256 138.8709 153.3645 11.459155902616464
0 1087.013 1426.338 416.8101 471.6769 38.34254610930441
0 1522.5413 791.1057 191.5031 331.9609 84.2704044485979
0 1418.8577 550.2361 178.994 205.0774 84.2704044485979
0 1473.814 477.572 136.3652 237.2359 88.28110901451367
0 926.0623 222.9176 136.6408 233.1411 -2.9104151401148783
0 1802.7173 1158.3565 149.3723 293.4437 -86.51664466484817
