0 601.6316 928.8319 256.4094 281.3426 -55.62253229215061
0 313.0982 903.7904 147.0512 150.7338 -84.27042204869177
0 370.491 598.796 155.8583 168.6933 -70.51943496555201
0 610.4381 603.7422 151.6846 245.1905 -17.188751454018586
0 871.3085 222.5615 103.1634 145.8629 -14.896920273495255
0 1134.1224 163.0999 117.3019 120.0 -90.0
0 1317.9016 321.0793 180.7013 219.0478 14.896902673401405
0 1455.6756 454.3915 169.4718 189.437 72.81124854598141
0 1416.1224 553.449 176.0 198.0 -90.0
0 1618.2185 718.7089 158.1248 208.386 72.81124854598141
0 1097.1669 577.6867 298.0889 507.9955 -2.9104151401148783
0 1116.6224 303.449 171.0 242.0 0.0
