0 591.8072 1026.3945 225.5083 346.267 41.29856981378617
0 321.2647 919.7571 158.8827 168.219 -1.6732648210255547
0 337.5346 652.5034 138.0924 159.9992 25.210142985756224
0 601.867 608.4341 169.7405 314.9372 -17.188751454018586
0 1084.5655 1478.5756 313.0592 497.9794 -12.032131297841147
0 1330.4493 258.9768 156.3612 248.0197 16.04281826366305
0 1540.5368 795.5155 180.0991 339.1024 84.2704044485979
0 1415.9493 557.4494 175.996 221.5364 84.2704044485979
0 1434.8252 430.3893 134.4886 167.4504 71.09237516058897
0 967.5121 220.2 131.3387 242.1449 -2.9104151401148783
0 1126.496 424.481 169.8933 433.9366 -1.7600093883629597e-05
