0 601.6316 928.8319 256.4094 281.3426 -55.62253229215061
0 310.845 904.6368 143.6445 149.7626 -84.27042204869177
0 372.1203 598.6507 162.7988 168.2747 -70.51943496555201
0 600.4381 603.7422 151.6846 245.1905 -17.188751454018586
0 898.353 221.3082 107.5977 149.0016 -3.437764370878824
0 1122.1224 161.0999 117.3019 120.0 -90.0
0 1322.8316 307.8284 187.3851 208.831 14.896902673401405
0 1457.6756 454.7915 167.5254 193.0219 72.81124854598141
0 1416.1224 553.449 176.0 198.0 -90.0
0 1618.2185 718.7089 158.1248 208.386 72.81124854598141
0 1105.3074 528.7358 288.039 495.8731 -0.6185839595915752
0 1124.1224 305.449 186.0 238.0 0.0
