0 611.0884 934.707 263.9515 272.4431 -55.62253229215061
0 320.992 1022.8011 178.3732 240.7857 53.94926747112507
0 364.5241 612.9066 165.8753 181.696 25.210142985756224
0 600.9933 602.1746 170.2119 302.1452 -17.188751454018586
0 1699.6044 1127.3151 158.9076 279.2259 -80.7870667135399
0 1329.8092 1423.5073 272.7062 505.0401 -25.783118380980852
0 1334.8339 267.8817 121.9019 264.9029 17.761691649055518
0 1658.5796 813.3606 172.8188 297.6649 -64.21689921911295
0 1412.4825 553.1458 181.3937 212.7203 -90.0
0 1577.0776 806.9637 193.0816 476.0868 71.09237516058897
0 814.4385 206.4233 157.1974 204.4613 -14.369571042731309
0 1338.4114 1072.1774 276.2171 420.2221 72.81124854598141
