0 581.9708 1035.3177 241.3473 310.7617 4.0563131302826605
0 333.1249 930.8204 144.7661 153.9697 88.32673517897445
0 341.6806 650.0767 132.2745 172.1115 19.48056503444799
0 598.5601 602.3285 181.8757 296.3264 -22.918329405326745
0 1200.9714 222.4982 99.4681 119.9232 5.729577951308232
0 1293.9818 303.9184 185.446 229.5949 -3.437764370878824
0 1496.5757 809.418 193.0739 370.6422 84.2704044485979
0 1418.8577 550.2361 178.994 205.0774 84.2704044485979
0 1405.0421 413.1113 135.2906 171.6843 -18.907624839411028
0 974.7245 246.211 115.7995 199.2611 -2.9104151401148783
