0 594.8472 1023.37 266.132 358.448 34.37746770784939
0 320.1142 990.698 147.5767 200.5434 56.24109865164834
0 372.2065 565.4817 172.3388 190.8097 30.939720937064454
0 597.8012 609.3241 180.5366 313.919 -17.188751454018586
0 1103.2325 1426.3313 302.1045 500.1079 -14.896920273495255
0 950.1191 375.7563 194.0174 450.2692 -6.875511141663708
0 1590.0456 894.5325 229.14 484.5901 79.68674208755135
0 1414.4825 549.1458 181.3937 212.7203 -90.0
0 1408.1217 377.2231 149.8147 222.3628 19.52617359881492
0 881.7756 189.659 127.1774 167.8735 -7.494077501161456
0 1099.7892 417.0032 185.3791 449.4771 5.729577951308232
