0 580.8838 1030.9617 244.6909 308.0557 4.0563131302826605
0 327.4318 931.6421 142.5402 153.6132 -1.6732648210255547
0 344.8178 629.9397 131.8991 189.3983 19.48056503444799
0 597.72 606.7112 186.8365 303.7455 -22.918329405326745
0 1283.3052 218.0436 124.9403 155.7373 17.188733853924695
0 1527.3654 1343.5211 217.9355 506.0204 -50.511538300433955
0 1519.1949 794.7307 185.7495 336.7174 84.2704044485979
0 1418.8577 550.2361 178.994 205.0774 84.2704044485979
0 1478.5963 473.9558 144.4961 233.6233 81.40561547294385
0 919.0623 221.9176 136.6408 233.1411 -2.9104151401148783
0 1321.6968 1036.3289 354.537 362.8304 -44.69072562029805
