0 590.9527 987.1307 259.1283 278.955 34.37746770784939
0 332.6224 888.349 153.0 155.0 0.0
0 374.7447 586.4134 147.8326 180.5591 25.210142985756224
0 589.2504 613.3331 198.2577 321.8511 -22.918329405326745
0 950.1791 216.1444 112.7087 152.4964 -5.729595551402099
0 1121.8224 193.4999 135.0 185.3019 0.0
0 1401.431 309.3643 138.7093 252.0034 32.0856365273261
0 1496.7516 491.9827 210.4137 237.1522 72.81124854598141
0 1417.1224 556.449 178.0 196.0 -90.0
0 1623.9808 714.7931 154.0487 221.7102 72.81124854598141
0 1296.1095 958.3935 277.3232 393.2691 32.0856365273261
0 1110.6224 413.949 269.0 373.0 0.0
