0 601.6316 928.8319 256.4094 281.3426 -55.62253229215061
0 332.6482 934.9422 193.7879 301.308 -83.65185568919406
0 373.8062 590.6565 143.0417 153.6777 25.210142985756224
0 584.1484 608.6783 174.7632 287.6605 -17.188751454018586
0 976.892 245.5958 140.442 176.6174 -8.021426731925374
0 1127.5668 182.5253 126.4748 158.0423 5.729577951308232
0 1380.7649 296.4155 164.287 260.4162 20.626480624709636
0 1402.2986 417.7688 153.5567 158.0155 -17.188751454018586
0 1412.4825 553.1458 181.3937 212.7203 -90.0
0 1574.1681 464.6509 245.888 269.6087 -37.24227428359734
0 956.9826 200.1458 103.7954 179.0455 -8.639993091423094
0 1107.3301 410.5202 180.7846 430.5425 0.0
