0 601.6316 928.8319 256.4094 281.3426 -55.62253229215061
0 1052.9455 756.0087 302.2175 512.1542 -27.45636560191258
0 377.132 581.6742 138.7321 158.5607 25.210142985756224
0 569.1327 610.4995 206.9431 251.4894 -17.188751454018586
0 885.1561 221.1007 107.9846 129.7569 -9.167342322186983
0 1206.3371 189.4123 128.644 148.4433 11.459155902616464
0 1344.837 277.9993 124.184 212.3112 14.896902673401405
0 1431.692 436.2958 145.2566 171.4946 61.35209264336498
0 1407.6224 550.449 170.0 215.0 -90.0
0 1623.5304 712.7618 162.2519 222.0504 72.81124854598141
0 983.0152 207.2062 114.3841 218.8143 -5.775204115768986
0 1092.6225 397.699 229.9756 382.3695 5.729577951308232
