0 601.6316 928.8319 256.4094 281.3426 -55.62253229215061
0 311.0537 1022.0204 168.0846 217.4593 60.82476101269492
0 376.083 589.7245 139.8004 153.6283 25.210142985756224
0 600.9933 602.1746 170.2119 302.1452 -17.188751454018586
0 1064.9372 496.4498 169.606 384.6371 -3.437764370878824
0 1184.7529 191.1939 127.8917 163.6747 5.729577951308232
0 1327.4229 275.7528 131.2502 201.0597 20.626480624709636
0 1442.702 361.1361 178.5955 219.1694 24.682793754992304
0 1412.4825 553.1458 181.3937 212.7203 -90.0
0 1620.112 721.1131 202.8876 340.1191 66.50871279954248
0 960.6921 214.1011 119.0096 210.3112 -5.202246320638153
0 1279.8722 938.3489 347.7277 488.0429 87.7081512193829
