0 601.6316 928.8319 256.4094 281.3426 -55.62253229215061
0 1129.2115 645.5677 372.1475 582.5645 3.4833553351518276
0 368.1416 598.8995 137.3508 150.9761 25.210142985756224
0 574.4327 600.5495 190.9357 267.3681 -17.188751454018586
0 869.1561 220.1007 107.9846 129.7569 -9.167342322186983
0 1164.0067 178.164 127.7389 134.4818 1.1459155902616465
0 1345.5642 289.7225 116.8747 198.2722 14.896902673401405
0 1435.292 432.6958 145.2566 171.4946 61.35209264336498
0 1407.6224 550.449 170.0 215.0 -90.0
0 1621.0747 715.9142 157.68 215.495 72.81124854598141
0 969.2117 207.2747 113.6761 224.8522 -3.483372935245683
0 1083.6382 396.2796 236.4923 377.8362 5.729577951308232
