0 602.7802 1065.2998 200.1773 394.1061 34.37746770784939
0 314.1224 906.449 132.0 156.0 0.0
0 373.5855 602.2736 127.9156 151.3728 19.48056503444799
0 588.6889 632.2472 166.8458 316.3487 -22.918329405326745
0 942.6224 274.949 129.0 129.0 0.0
0 1216.3696 201.5465 134.3838 175.2977 11.459155902616464
0 1354.3564 291.1834 149.0109 283.4012 16.615776058793873
0 1481.1225 475.949 196.4307 232.3273 72.81124854598141
0 1422.1224 555.249 180.4 206.0 -90.0
0 1621.0565 710.0438 182.3674 204.0339 72.81124854598141
0 1556.7731 960.4873 223.4433 468.4451 79.05648851290744
0 1104.1224 440.949 258.0 323.0 0.0
