0 539.0447 963.4087 208.2531 393.2758 -61.35211024345884
0 327.5913 911.4798 166.5005 188.1766 -1.6732648210255547
0 337.5346 652.5034 138.0924 159.9992 25.210142985756224
0 576.5466 617.4389 223.4418 317.177 -17.188751454018586
0 1045.8356 1479.451 305.7698 499.6576 -15.469878068626087
0 1364.2435 277.7961 159.485 247.9913 24.064227395494573
0 1540.3368 795.9155 180.0991 339.1024 84.2704044485979
0 1415.9493 557.4494 175.996 221.5364 84.2704044485979
0 1437.8252 429.0893 134.4886 167.4504 71.09237516058897
0 967.1121 220.2 131.3387 242.1449 -2.9104151401148783
0 1131.596 428.681 169.8933 433.9366 -1.7600093883629597e-05
