0 1436.3876 1309.7618 220.9094 473.0356 -46.45520757005744
0 319.09 991.8813 142.0059 210.9579 65.40842337374147
0 346.2243 659.4965 136.3639 161.1577 19.48056503444799
0 601.8483 609.3494 172.819 316.3594 -17.188751454018586
0 698.996 1424.496 294.2524 526.7969 45.83662361046586
0 1284.896 277.896 197.0248 224.4072 -2.2918487806171015
0 1538.5368 799.5155 180.0991 339.1024 84.2704044485979
0 1417.6328 551.8236 180.7453 204.4326 84.2704044485979
0 1429.7397 431.1053 140.9289 163.979 71.09237516058897
0 857.6972 203.6573 135.5716 174.3915 -12.077739862208034
0 1067.3925 403.0995 210.5837 414.1736 -1.7600093883629597e-05
