0 602.7802 1065.2998 200.1773 394.1061 34.37746770784939
0 314.1224 906.449 132.0 156.0 0.0
0 376.9284 591.5727 133.4151 159.4722 19.48056503444799
0 588.6889 632.2472 166.8458 316.3487 -22.918329405326745
0 942.6224 274.949 129.0 129.0 0.0
0 1208.2224 199.449 127.0 174.0 1.1459155902616465
0 1361.638 295.1756 148.0288 288.177 14.896902673401405
0 1482.2509 480.8876 176.2107 232.8702 72.81124854598141
0 1419.1224 556.449 178.0 200.0 -90.0
0 1628.1922 719.2783 153.4847 208.8242 72.81124854598141
0 1561.3472 863.0357 327.195 449.2237 65.93575500441159
0 1101.3224 439.349 247.6 326.2 0.0
