0 601.6316 928.8319 256.4094 281.3426 -55.62253229215061
0 320.992 1022.8011 178.3732 240.7857 53.94926747112507
0 366.9826 607.1458 165.4164 169.1776 25.210142985756224
0 600.9933 602.1746 170.2119 302.1452 -17.188751454018586
0 1616.3485 1255.4617 161.8878 356.0613 -73.23445164968439
0 1219.5091 1313.9156 356.4739 474.2352 -6.771347414509023
0 1355.3339 274.3817 121.9019 264.9029 20.626480624709636
0 1668.3339 820.3361 183.6481 325.3425 -72.8112661460753
0 1412.4825 553.1458 181.3937 212.7203 -90.0
0 1577.0776 806.9637 193.0816 476.0868 71.09237516058897
0 814.4385 206.4233 157.1974 204.4613 -14.369571042731309
0 1651.7424 1045.4901 269.6438 422.8776 -85.31217391179862
0 1893.1658 1108.324 89.75 122.25 -85.70281653651882
