0 601.6316 928.8319 256.4094 281.3426 -55.62253229215061
0 312.2948 1031.1478 154.947 212.494 53.94926747112507
0 376.083 589.7245 139.8004 153.6283 25.210142985756224
0 600.9933 602.1746 170.2119 302.1452 -17.188751454018586
0 1172.7964 891.4979 264.0608 318.6268 -12.60508909297198
0 1166.7474 198.6108 141.4166 181.7863 4.583662361046586
0 1349.8324 293.5507 155.8416 242.1478 21.772396214971284
0 1559.5915 421.0751 167.0741 225.5243 28.120540525777244
0 1412.4825 553.1458 181.3937 212.7203 -90.0
0 1626.9333 802.8616 202.6152 409.4265 69.9464595703273
0 971.355 221.4427 128.4306 235.3756 -2.9104151401148783
0 1567.6093 1104.7634 263.8283 516.5463 -87.70816881947671
