0 602.7802 1065.2998 200.1773 394.1061 34.37746770784939
0 314.1224 906.449 132.0 156.0 0.0
0 376.1355 593.4353 132.7277 158.4598 19.48056503444799
0 588.6889 632.2472 166.8458 316.3487 -22.918329405326745
0 942.6224 274.949 129.0 129.0 0.0
0 1208.0224 199.449 127.0 174.0 1.7188733853924696
0 1361.638 295.1756 148.0288 288.177 14.896902673401405
0 1482.1098 480.2703 178.7382 232.8023 72.81124854598141
0 1419.1224 556.449 178.0 200.0 -90.0
0 1628.1922 719.2783 153.4847 208.8242 72.81124854598141
0 1564.1693 872.5018 310.8943 453.7176 68.22758618493486
0 1101.6724 439.549 248.9 325.8 0.0
