0 578.4494 1040.9494 241.2473 287.786 4.0563131302826605
0 327.4318 931.6421 142.5402 153.6132 -1.6732648210255547
0 348.566 630.3565 132.2114 184.0287 25.210142985756224
0 579.8596 616.1271 174.1829 299.453 -22.918329405326745
0 1068.8855 324.5429 194.1278 360.813 0.0
0 1546.2656 1336.4143 242.2005 509.7337 -50.511538300433955
0 1540.7338 789.4794 179.5999 364.1806 84.2704044485979
0 1416.8577 552.2361 178.994 205.0774 84.2704044485979
0 1409.7714 413.6551 128.8913 138.5233 65.36279720928076
0 1011.9494 238.4493 120.2325 277.2528 -2.9104151401148783
0 1761.1508 1143.0608 186.2199 339.6205 -85.94368686971734
