0 576.7971 1034.1517 251.8337 309.1675 4.0563131302826605
0 333.4933 929.7697 150.224 154.7675 88.32673517897445
0 348.0646 621.3449 129.2862 163.1925 19.48056503444799
0 598.4776 602.6552 182.282 296.8639 -22.918329405326745
0 1229.1979 197.8773 129.078 161.8921 11.459155902616464
0 1348.5403 1414.5382 358.4711 495.8447 -70.93937445757173
0 1500.0757 808.9181 184.0191 370.7386 84.2704044485979
0 1418.8577 550.2361 178.994 205.0774 84.2704044485979
0 1472.6178 477.1896 137.2014 234.8674 88.28110901451367
0 958.4719 246.4907 145.3891 194.6373 -2.9104151401148783
0 1362.3925 1044.3125 334.402 437.5039 -80.16827229479861
