0 1475.9009 1358.9711 210.7277 478.3414 -44.163376389534136
0 317.49 992.2813 142.0059 210.9579 65.40842337374147
0 345.5718 614.1932 137.8437 162.801 19.48056503444799
0 601.8483 609.3494 172.819 316.3594 -17.188751454018586
0 691.0035 1411.013 241.3158 509.8797 40.10704565915762
0 1375.7164 293.8069 149.0076 251.0289 20.626480624709636
0 1530.9494 802.4494 170.4317 354.7873 84.2704044485979
0 1425.6328 551.8236 180.7453 204.4326 84.2704044485979
0 1429.7176 431.0745 141.0015 159.3724 71.09237516058897
0 856.3994 197.6602 126.6386 185.7101 -5.775204115768986
0 1040.1573 398.6917 230.3105 416.6202 -5.729595551402099
