0 578.4494 1040.9494 241.2473 287.786 4.0563131302826605
0 327.4318 931.6421 142.5402 153.6132 -1.6732648210255547
0 343.666 632.4565 132.2114 184.0287 21.199438419840458
0 580.2096 617.5271 198.7305 298.1944 -22.918329405326745
0 1089.0045 250.5154 142.6401 281.912 -1.7188909854863255
0 1532.7156 1342.4643 212.5109 500.9481 -50.511538300433955
0 1528.2688 796.4281 190.939 337.9876 84.2704044485979
0 1418.2577 556.4361 178.994 205.0774 84.2704044485979
0 1435.9277 425.7099 134.6626 176.023 65.36279720928076
0 887.9871 237.9147 133.5571 237.7249 -12.650697657338867
0 1799.5642 1196.6649 131.6627 273.2784 -72.19269978657758
