0 1449.4009 1380.4711 259.5644 475.5186 -44.163376389534136
0 311.481 931.4044 171.0788 177.2793 -85.94368686971734
0 572.8693 419.8207 203.173 299.2748 -33.27717828204851
0 601.8483 609.3494 172.819 316.3594 -17.188751454018586
0 811.4102 1469.125 330.8025 518.2361 17.188733853924695
0 1271.1939 211.4714 138.4071 185.4146 10.313240312354818
0 1531.6972 893.3581 217.3786 401.3884 77.96786870215885
0 1506.78 571.9827 146.6652 203.1941 72.81124854598141
0 1405.8562 432.2336 138.9632 208.2981 65.93575500441159
0 912.3118 222.7439 141.5545 222.4887 -2.9104151401148783
0 1060.6494 397.2494 239.0 416.0 0.0
