0 589.8736 1024.4508 260.4006 313.3097 5.202228720544326
0 324.4318 933.6421 148.6545 149.7901 -1.6732648210255547
0 341.84 636.2387 132.0275 175.5336 25.210142985756224
0 576.5546 620.0404 187.2877 298.067 -22.918329405326745
0 943.7817 1481.6767 290.3844 528.695 9.167324722093172
0 1536.0141 1339.5938 231.1897 513.4264 -47.073791529649014
0 1534.2631 791.5718 182.6981 350.886 84.2704044485979
0 1413.896 558.8961 178.4649 217.1615 84.2704044485979
0 1430.4252 430.5893 134.4886 167.4504 71.09237516058897
0 1120.7597 194.1671 127.3314 183.401 7.402825172239943
0 1126.5452 430.1204 163.7859 446.3365 5.729577951308232
