0 602.2664 1044.8047 227.5994 342.1189 32.70420288682379
0 321.9909 923.2575 155.2189 160.7557 -1.6732648210255547
0 337.5346 652.5034 138.0924 159.9992 25.210142985756224
0 604.6804 607.4335 163.7737 314.6883 -17.188751454018586
0 1094.3517 1475.0423 307.9516 495.8558 -11.459173502710257
0 1320.1085 263.3982 148.5807 245.5051 13.178029288008934
0 1541.5446 795.7797 180.826 341.0551 84.2704044485979
0 1415.9493 557.4494 175.996 221.5364 84.2704044485979
0 1434.4252 430.5893 134.4886 167.4504 71.09237516058897
0 967.5121 220.2 131.3387 242.1449 -2.9104151401148783
0 1125.446 425.481 170.7933 436.9366 -1.7600093883629597e-05
