0 582.0443 973.9953 237.1628 289.7805 -55.62253229215061
0 331.2224 890.449 154.0667 154.6667 0.0
0 345.8558 627.6157 140.2162 142.886 25.210142985756224
0 582.1224 623.949 172.1806 314.7996 -22.918329405326745
0 826.1307 236.4585 104.3495 142.6881 -11.077182540696583
0 1091.8363 189.3499 133.9055 179.1352 0.0
0 1401.431 309.3643 138.7093 252.0034 32.0856365273261
0 1496.7516 491.9827 210.4137 237.1522 72.81124854598141
0 1417.1224 556.449 178.0 196.0 -90.0
0 1626.0048 702.707 140.0701 225.7099 72.81124854598141
0 1565.6112 887.8426 202.369 441.2533 69.75549273721026
0 1109.7891 416.0323 267.3333 368.8333 0.0
