0 580.6472 1037.9181 243.62 316.1367 4.0563131302826605
0 320.8912 942.6341 149.8248 166.6642 -87.089602459979
0 340.9708 648.3176 132.1722 149.5736 19.48056503444799
0 599.3081 601.418 184.4671 294.2837 -22.918329405326745
0 1209.4844 222.4822 111.9745 123.0337 5.729577951308232
0 1333.5344 314.4697 158.3118 159.1888 20.626480624709636
0 1500.099 806.8633 188.6937 378.1636 84.2704044485979
0 1419.2371 553.9556 171.5164 205.0651 84.2704044485979
0 1735.4804 1098.0593 181.2136 377.9261 -83.69746425356094
0 986.8786 242.5666 128.3603 194.6041 -2.9104151401148783
