0 584.9338 1032.7263 254.7415 304.3359 4.0563131302826605
0 324.4318 933.6421 148.6545 149.7901 -1.6732648210255547
0 341.84 636.2387 132.0275 175.5336 25.210142985756224
0 576.5546 620.0404 187.2877 298.067 -22.918329405326745
0 937.6111 1471.9766 281.5241 518.13 11.459155902616464
0 1542.1436 1335.2391 215.6678 512.9752 -50.511538300433955
0 1532.5349 793.9074 178.3953 346.9806 84.2704044485979
0 1413.896 558.8961 178.4649 217.1615 84.2704044485979
0 1430.4252 430.5893 134.4886 167.4504 71.09237516058897
0 1121.7597 194.7671 127.3314 183.401 5.1109939917166685
0 1148.3452 436.1204 163.7859 446.3365 9.167324722093172
