0 1469.396 1318.896 201.0454 518.6225 -44.163376389534136
0 317.49 992.2813 142.0059 210.9579 65.40842337374147
0 348.1013 667.0572 130.4962 164.0902 19.48056503444799
0 601.8483 609.3494 172.819 316.3594 -17.188751454018586
0 709.396 1434.896 294.2524 526.7969 45.83662361046586
0 1284.896 277.896 197.0248 224.4072 -2.2918487806171015
0 1538.5368 799.5155 180.0991 339.1024 84.2704044485979
0 1417.6328 551.8236 180.7453 204.4326 84.2704044485979
0 1427.9494 429.4494 145.2223 161.6648 71.09237516058897
0 836.5546 207.9324 155.0652 174.1097 -14.369571042731309
0 1053.8119 403.8807 237.745 415.736 -1.7600093883629597e-05
