0 578.4494 1040.9494 241.2473 287.786 4.0563131302826605
0 327.4318 931.6421 142.5402 153.6132 -1.6732648210255547
0 348.566 630.3565 132.2114 184.0287 25.210142985756224
0 580.7596 616.7271 174.1829 299.453 -22.918329405326745
0 1072.9523 365.6781 208.2615 405.8834 1.7188733853924696
0 1542.5936 1337.5022 248.5498 505.4497 -50.511538300433955
0 1538.1838 789.4794 180.109 359.1061 84.2704044485979
0 1416.8577 552.2361 178.994 205.0774 84.2704044485979
0 1403.8932 413.2185 134.5858 148.8454 65.36279720928076
0 1028.8213 225.0439 119.5644 249.4618 -2.9104151401148783
0 1749.3994 1132.3572 165.7354 351.298 -85.94368686971734
