0 598.5154 962.1182 245.4058 349.9569 34.37746770784939
0 324.3881 1024.7794 159.6985 226.2545 48.219689519816825
0 285.1195 702.3162 184.5644 217.0031 -68.43593123933829
0 579.8012 609.8241 215.2242 304.2356 -17.188751454018586
0 1788.5426 1097.2004 89.2543 256.4327 -86.36034177833648
0 1506.5325 1324.6566 238.118 454.531 -64.06712692759129
0 793.1283 497.7747 351.1591 458.2451 -25.21016058585002
0 1584.825 788.9387 234.3017 427.7958 61.35209264336498
0 1407.3007 544.4185 181.3937 212.7203 -90.0
0 1565.9736 469.9994 153.2604 251.8317 25.7766274816766
0 825.7332 209.944 136.9101 190.2621 -15.411322905838205
0 1150.0857 422.6997 199.9092 451.9539 -1.7600093883629597e-05
