0 601.6316 915.8319 266.6618 277.8682 34.37746770784939
0 303.6224 899.349 153.0 178.2 0.0
0 362.703 577.5373 140.4842 160.9676 24.064227395494573
0 613.1666 605.6041 155.7974 250.3607 -17.188751454018586
0 959.0261 240.7067 109.9479 184.7059 -9.167342322186983
0 1134.3224 181.5999 114.0 162.3019 0.0
0 1401.431 309.3643 138.7093 252.0034 32.0856365273261
0 1458.1932 450.2314 161.8291 188.1565 72.81124854598141
0 1416.1224 553.449 176.0 198.0 -90.0
0 1623.9808 714.7931 154.0487 221.7102 72.81124854598141
0 1127.0842 647.5688 343.9802 490.1673 2.8191628111933653
0 1089.6224 402.649 236.2 338.0 0.0
