0 1428.1355 1307.4782 225.8754 461.6389 -47.02816536518827
0 319.49 991.7813 142.0059 210.9579 65.40842337374147
0 345.7551 657.6063 137.8308 160.4246 19.48056503444799
0 601.8483 609.3494 172.819 316.3594 -17.188751454018586
0 696.396 1421.896 294.2524 526.7969 45.83662361046586
0 1284.896 277.896 197.0248 224.4072 -2.2918487806171015
0 1538.5368 799.5155 180.0991 339.1024 84.2704044485979
0 1417.6328 551.8236 180.7453 204.4326 84.2704044485979
0 1430.1873 431.5193 139.8555 164.5576 71.09237516058897
0 862.9829 202.5885 130.6982 174.4619 -11.504782067077201
0 1070.7877 402.9042 203.7934 413.783 -1.7600093883629597e-05
