0 601.6316 928.8319 256.4094 281.3426 -55.62253229215061
0 991.3282 852.4589 301.4011 450.5882 -48.08284622662222
0 384.3244 567.894 139.8371 164.6283 25.210142985756224
0 569.9327 616.2995 208.8426 239.9346 -17.188751454018586
0 883.5561 221.9007 107.9846 129.7569 -9.167342322186983
0 1206.3371 189.4123 128.644 148.4433 11.459155902616464
0 1345.637 274.7993 124.184 212.3112 14.896902673401405
0 1431.692 436.2958 145.2566 171.4946 61.35209264336498
0 1407.6224 550.449 170.0 215.0 -90.0
0 1626.5304 715.9618 154.3646 225.8911 72.81124854598141
0 986.2152 212.0062 114.3841 218.8143 -3.483372935245683
0 1105.0225 402.699 235.907 379.3466 5.729577951308232
