0 575.5588 1044.0263 250.2365 300.0064 4.0563131302826605
0 327.4318 931.6421 142.5402 153.6132 -1.6732648210255547
0 346.84 634.2387 132.0275 175.5336 25.210142985756224
0 581.441 618.5576 177.1315 299.1412 -22.918329405326745
0 872.7966 1058.7576 303.8516 362.8058 -76.10577346807753
0 1529.0911 1342.7333 246.434 496.0337 -50.511538300433955
0 1535.9711 793.6396 172.8113 353.8721 84.2704044485979
0 1416.8577 552.2361 178.994 205.0774 84.2704044485979
0 1435.766 434.7051 123.2398 174.8883 71.09237516058897
0 1123.2039 200.3291 123.1396 193.5312 2.8191628111933653
0 1154.2061 724.7368 329.6038 382.7445 70.80589626302356
