0 601.6316 928.8319 256.4094 281.3426 -55.62253229215061
0 313.7514 902.1441 150.4578 151.705 -84.27042204869177
0 368.0402 596.7678 152.4682 166.1134 -70.51943496555201
0 610.4381 603.7422 151.6846 245.1905 -17.188751454018586
0 870.8002 222.7276 107.1171 141.0497 -14.896920273495255
0 1134.1224 163.0999 117.3019 120.0 -90.0
0 1323.4264 312.3867 178.8668 231.5825 14.896902673401405
0 1455.6756 454.3915 169.4718 189.437 72.81124854598141
0 1416.1224 553.449 176.0 198.0 -90.0
0 1618.2185 718.7089 158.1248 208.386 72.81124854598141
0 1097.7112 577.4245 296.9749 507.527 -2.9104151401148783
0 1116.6224 303.449 171.0 242.0 0.0
