0 586.1152 993.8952 234.3532 304.7041 84.2704044485979
0 317.5964 1015.9816 142.3262 182.7632 59.678845422433284
0 369.5768 603.913 127.9871 157.1367 -64.78985701424378
0 603.5287 596.9877 154.6593 296.0975 -17.188751454018586
0 1686.5145 1004.7456 167.8798 333.7946 56.24109865164834
0 1508.7499 1328.1488 198.5434 445.1846 -51.566219161867934
0 1022.7553 200.1778 144.2652 188.738 -5.729595551402099
0 1750.972 664.2019 157.9911 171.8503 72.81124854598141
0 1415.4825 541.1458 181.3937 212.7203 -90.0
0 1605.8839 706.9395 195.4209 376.719 65.36279720928076
0 810.917 209.1159 117.8123 185.1089 -20.09914899403958
0 1091.0493 410.526 197.0 437.2468 -1.7600093883629597e-05
