0 608.6967 976.6001 245.8987 286.1215 34.37746770784939
0 322.2077 990.9202 148.4963 203.1047 48.219689519816825
0 319.4034 627.1017 157.3158 220.3573 -64.78985701424378
0 597.8012 609.3241 180.5366 313.919 -17.188751454018586
0 1405.5844 1374.7992 263.6001 490.8794 -34.37748530794323
0 892.9593 437.4208 211.7719 486.6673 -13.751004683233589
0 1634.1306 928.9155 216.4095 428.1063 84.2704044485979
0 1414.4825 549.1458 181.3937 212.7203 -90.0
0 1420.6427 343.3251 143.9214 235.1735 19.52617359881492
0 882.8026 197.757 138.891 190.0296 -8.639993091423094
0 1134.4494 424.4494 215.0001 447.0 -1.7600093883629597e-05
