0 1454.014 1376.3878 249.3876 475.4121 -44.163376389534136
0 313.481 912.8544 177.7748 206.5026 4.0563131302826605
0 702.3465 349.3946 299.9348 323.1696 63.598315259521385
0 601.8483 609.3494 172.819 316.3594 -17.188751454018586
0 832.2478 1471.5601 357.0712 510.1837 17.188733853924695
0 1191.2586 197.9822 181.5106 184.6158 -86.94424419122878
0 1549.7859 916.3268 218.1802 432.7515 82.55153106320546
0 1436.3556 555.6853 169.734 221.9157 84.84336224372868
0 1402.824 432.1004 137.9942 213.1834 65.36279720928076
0 866.1893 211.6677 130.8906 198.7518 -10.931824271946397
0 1056.4494 396.9494 239.0 416.0 0.0
