0 601.6316 928.8319 256.4094 281.3426 -55.62253229215061
0 789.5986 1141.6575 367.9544 468.2222 43.63602715877025
0 386.1224 566.849 140.1134 166.1453 25.210142985756224
0 570.7421 610.5068 214.7626 250.5243 -17.188751454018586
0 872.9359 238.5097 137.2573 165.0889 -12.60508909297198
0 1180.0496 185.3521 139.2824 152.8477 8.021409131831525
0 1335.5386 285.7418 127.9769 219.5139 11.459155902616464
0 1431.692 436.2958 145.2566 171.4946 61.35209264336498
0 1407.6224 550.449 170.0 215.0 -90.0
0 1627.2804 715.5618 152.3928 226.8513 75.21767128553086
0 972.7784 216.63 121.9187 218.7841 -2.9104151401148783
0 1103.414 409.5876 237.5729 385.3136 2.291831180523293
