0 581.9708 1035.3177 241.3473 310.7617 4.0563131302826605
0 338.1472 890.3978 171.5199 222.4077 -1.6732648210255547
0 340.9708 648.3176 132.1722 149.5736 19.48056503444799
0 602.9659 600.0888 172.0152 295.6319 -22.918329405326745
0 1209.4844 222.4822 111.9745 123.0337 5.729577951308232
0 1343.13 300.9704 178.3553 212.3024 3.437746770784939
0 1487.7519 810.9193 194.2997 352.783 84.2704044485979
0 1418.8577 550.2361 178.994 205.0774 84.2704044485979
0 1434.8908 401.4809 152.9305 203.4758 71.09237516058897
0 974.7245 246.211 115.7995 199.2611 -2.9104151401148783
