0 578.4494 1040.9494 241.2473 287.786 4.0563131302826605
0 327.4318 931.6421 142.5402 153.6132 -1.6732648210255547
0 341.966 632.7565 132.2114 184.0287 19.48056503444799
0 580.3596 618.1271 209.2509 297.6549 -22.918329405326745
0 1111.8903 236.683 132.2934 262.5213 0.5729577951308232
0 1525.3228 1347.8192 206.2342 498.2483 -50.511538300433955
0 1523.3114 798.6884 194.4471 329.3158 84.2704044485979
0 1418.8577 557.4361 178.994 205.0774 84.2704044485979
0 1442.4046 428.5734 145.2684 185.4101 65.36279720928076
0 874.8623 236.9176 136.6408 233.1411 -13.796613247600504
0 1797.3557 1205.0872 132.4188 272.7657 -69.9008686060543
