0 588.5031 1038.9739 225.9797 298.1085 15.515469032899148
0 324.4318 933.6421 148.6545 149.7901 -1.6732648210255547
0 341.4809 638.7573 133.5233 170.6703 25.210142985756224
0 579.7249 620.9105 192.1536 302.139 -22.918329405326745
0 974.5406 1486.5322 252.4133 520.5671 5.729577951308232
0 1519.8664 1295.0587 245.0444 524.1242 -48.21970711991068
0 1531.5046 792.0255 183.0501 345.306 84.2704044485979
0 1415.9493 557.4494 175.996 221.5364 84.2704044485979
0 1430.4252 430.5893 134.4886 167.4504 71.09237516058897
0 1107.6776 197.1235 124.3666 185.8749 7.402825172239943
0 1123.396 424.981 172.8934 443.9366 5.729577951308232
