0 601.6316 928.8319 256.4094 281.3426 -55.62253229215061
0 309.8829 1029.7052 180.2846 214.6962 53.94926747112507
0 376.083 589.7245 139.8004 153.6283 25.210142985756224
0 600.9933 602.1746 170.2119 302.1452 -17.188751454018586
0 1504.6977 1265.388 191.7606 399.6847 -69.7480607620929
0 1056.7328 297.2537 164.9981 338.9142 0.0
0 1384.0518 304.9122 138.8024 259.8297 26.35605857601787
0 1655.8397 651.52 165.8006 327.0796 62.34520038966531
0 1412.4825 553.1458 181.3937 212.7203 -90.0
0 1577.0328 819.5859 193.7001 468.0927 67.80743623376543
0 841.7662 210.2831 125.4923 196.5448 -14.064012650588069
0 1671.7937 951.7445 189.5104 365.5875 72.81124854598141
