0 601.6316 928.8319 256.4094 281.3426 -55.62253229215061
0 314.2413 1022.0232 222.5113 340.0469 84.2704044485979
0 363.5888 612.199 156.8569 166.7905 -70.51943496555201
0 580.1224 608.449 188.5548 263.4902 -17.188751454018586
0 859.1561 222.1007 107.9846 129.7569 -9.167342322186983
0 1121.7224 168.9999 123.2 129.5019 0.0
0 1339.8268 281.1218 139.8187 222.7779 14.896902673401405
0 1452.3768 445.8843 177.7127 195.9172 71.6653329557198
0 1416.1224 553.449 176.0 198.0 -90.0
0 1618.2185 718.7089 158.1248 208.386 72.81124854598141
0 994.4895 304.0475 147.3043 353.9526 2.246205016062561
0 1115.9739 392.6013 161.6165 409.3319 5.156620156177409
