0 582.1847 1035.7506 240.8594 311.5953 4.0563131302826605
0 329.6413 934.9057 146.7668 160.2666 -1.6732648210255547
0 348.0646 621.3449 129.2862 163.1925 19.48056503444799
0 601.06 603.1286 177.8934 299.7472 -22.918329405326745
0 1265.0246 210.0017 137.5927 158.0718 9.167324722093172
0 687.8487 1426.3493 244.7068 543.5424 45.21803965087426
0 1496.6904 805.538 186.0437 378.2073 84.2704044485979
0 1418.8577 550.2361 178.994 205.0774 84.2704044485979
0 1464.9964 471.9454 148.1424 219.9463 88.28110901451367
0 926.0623 222.9176 136.6408 233.1411 -2.9104151401148783
0 1356.6319 1103.6768 356.0209 429.6931 -80.21410891840912
