0 1344.826 1280.8666 255.5113 492.2845 -48.747038750580714
0 320.69 991.4813 142.0059 210.9579 65.40842337374147
0 344.3474 651.9358 142.2316 158.2252 19.48056503444799
0 601.8483 609.3494 172.819 316.3594 -17.188751454018586
0 688.596 1414.096 294.2524 526.7969 45.83662361046586
0 1284.896 277.896 197.0248 224.4072 -2.2918487806171015
0 1538.5368 799.5155 180.0991 339.1024 84.2704044485979
0 1417.6328 551.8236 180.7453 204.4326 84.2704044485979
0 1431.53 432.7613 136.6354 166.2933 71.09237516058897
0 878.8398 199.3823 116.078 174.6733 -9.78590868168476
0 1080.9732 402.3183 183.4224 412.6112 -1.7600093883629597e-05
