0 581.3909 1040.2977 250.2365 300.0064 4.0563131302826605
0 327.4318 931.6421 142.5402 153.6132 -1.6732648210255547
0 346.84 634.2387 132.0275 175.5336 25.210142985756224
0 582.5361 616.0023 173.124 295.2869 -22.918329405326745
0 1093.9896 758.0279 380.0623 402.1605 56.47725200695842
0 1534.0257 1340.0406 263.365 495.4535 -50.511538300433955
0 1533.2674 794.5689 170.9625 348.3062 84.2704044485979
0 1416.8577 552.2361 178.994 205.0774 84.2704044485979
0 1409.8969 411.4526 142.0966 143.6416 -23.000205074250914
0 1123.2039 200.3291 123.1396 193.5312 2.8191628111933653
0 1550.6025 1070.5526 163.7163 521.5529 -87.58068458618561
