0 580.8838 1030.9617 244.6909 308.0557 4.0563131302826605
0 327.4318 931.6421 142.5402 153.6132 -1.6732648210255547
0 344.4438 631.2313 131.743 192.0831 19.48056503444799
0 597.72 606.7112 186.8365 303.7455 -22.918329405326745
0 1287.0793 219.4567 127.546 156.2147 17.188733853924695
0 1526.8148 1344.7301 218.0017 502.9841 -50.511538300433955
0 1519.1949 794.7307 185.7495 336.7174 84.2704044485979
0 1418.8577 550.2361 178.994 205.0774 84.2704044485979
0 1477.7346 475.1787 140.4077 234.9779 83.69744665346707
0 919.0623 221.9176 136.6408 233.1411 -2.9104151401148783
0 1335.1338 1043.3181 347.7411 375.4667 -46.98255680082133
