0 601.1673 916.7984 268.2251 275.7485 34.37746770784939
0 304.1224 897.849 152.0 181.2 0.0
0 366.3975 574.1872 138.1792 167.3458 25.210142985756224
0 610.6035 604.8455 156.1717 258.0403 -18.334667044280195
0 968.7943 238.9554 110.4974 182.69 -9.167342322186983
0 1135.2224 184.2999 118.2 166.9019 0.0
0 1401.431 309.3643 138.7093 252.0034 32.0856365273261
0 1463.6908 458.1097 169.3357 194.0042 72.81124854598141
0 1416.1224 553.449 176.0 198.0 -90.0
0 1623.9808 714.7931 154.0487 221.7102 72.81124854598141
0 1129.6636 648.4959 339.6143 490.1279 2.8191628111933653
0 1088.6224 411.249 253.0 322.4 0.0
