0 601.6316 928.8319 256.4094 281.3426 -55.62253229215061
0 309.8829 1029.7052 180.2846 214.6962 53.94926747112507
0 376.083 589.7245 139.8004 153.6283 25.210142985756224
0 600.9933 602.1746 170.2119 302.1452 -17.188751454018586
0 1491.6428 1259.4389 195.5988 395.6286 -70.58841796021125
0 1063.042 286.155 157.5098 326.1569 0.0
0 1382.0918 303.1789 138.8024 259.8297 26.35605857601787
0 1645.7144 627.8229 165.7225 323.4367 58.60189522673704
0 1412.4825 553.1458 181.3937 212.7203 -90.0
0 1574.8991 816.7718 198.3198 465.57 66.96707903564703
0 849.4216 211.0027 125.5208 199.0289 -13.452838570522005
0 1674.6756 955.6028 187.7135 370.1566 72.81124854598141
