0 601.6316 928.8319 256.4094 281.3426 -55.62253229215061
0 303.6182 912.0636 165.7876 166.3911 -84.27042204869177
0 370.8882 596.1903 163.7767 168.1244 19.48056503444799
0 603.6381 602.9422 151.6846 245.1905 -17.188751454018586
0 915.7204 228.375 120.0377 143.7126 -3.437764370878824
0 1122.1224 161.0999 117.3019 120.0 -90.0
0 1339.1768 290.7718 144.3981 200.5067 14.896902673401405
0 1460.6756 455.3915 164.6059 198.3993 72.81124854598141
0 1416.1224 553.449 176.0 198.0 -90.0
0 1618.2185 718.7089 158.1248 208.386 72.81124854598141
0 1010.2493 456.7617 261.1999 475.3486 -7.494077501161456
0 1124.9224 338.649 187.6 312.4 0.0
