0 579.8888 1012.374 221.326 354.5634 58.48730366771082
0 322.7617 917.3718 160.5836 173.7465 -1.6732648210255547
0 337.5346 652.5034 138.0924 159.9992 25.210142985756224
0 596.2403 610.4351 181.6741 315.4349 -17.188751454018586
0 1079.3655 1478.5756 313.0592 497.9794 -13.178046888102756
0 1339.4493 263.3768 156.3612 248.0197 18.334649444186343
0 1540.5368 795.5155 180.0991 339.1024 84.2704044485979
0 1415.9493 557.4494 175.996 221.5364 84.2704044485979
0 1435.6252 429.9893 134.4886 167.4504 71.09237516058897
0 967.5121 220.2 131.3387 242.1449 -2.9104151401148783
0 1127.696 425.481 169.8933 433.9366 -1.7600093883629597e-05
