0 611.1108 976.9077 250.2309 288.34 34.37746770784939
0 322.8618 1001.078 151.857 210.0496 48.219689519816825
0 318.5034 647.5017 157.3158 220.3573 -66.50873039963625
0 593.3153 609.9317 189.4668 312.4286 -17.188751454018586
0 1426.7151 1373.0354 286.3964 478.2109 -41.25297884951311
0 848.6854 469.0322 284.4671 461.6946 -17.188751454018586
0 1629.9562 918.345 222.8413 428.7002 80.83265767781302
0 1414.4825 549.1458 181.3937 212.7203 -90.0
0 1412.7413 335.0509 139.9978 232.4784 19.52617359881492
0 882.8026 197.757 138.891 190.0296 -8.639993091423094
0 1137.7494 425.3494 215.0001 447.0 -1.7600093883629597e-05
