0 601.6316 928.8319 256.4094 281.3426 -55.62253229215061
0 333.2652 921.9703 196.5559 258.8742 -84.29643320871617
0 375.3715 590.0158 140.8133 153.6437 25.210142985756224
0 584.1484 608.6783 174.7632 287.6605 -17.188751454018586
0 986.1172 260.1304 140.4149 196.4817 -7.3052294880118325
0 1125.9168 181.9753 126.4748 158.0423 5.729577951308232
0 1378.3624 294.3823 163.2763 259.8931 20.626480624709636
0 1408.1933 402.045 164.0285 176.0917 57.771106423797335
0 1412.4825 553.1458 181.3937 212.7203 -90.0
0 1574.6927 457.1288 234.394 248.2551 -35.88149952016164
0 957.6701 207.0208 104.5016 192.846 -8.639993091423094
0 1117.4051 414.8202 190.7596 426.3425 0.0
