0 969.762 1168.4844 345.7884 367.2781 -79.40028079007978
0 311.74 989.8092 143.8984 190.2981 88.32673517897445
0 412.9455 501.2181 201.7971 319.96 30.939720937064454
0 597.8012 609.3241 180.5366 313.919 -17.188751454018586
0 743.4881 1441.4351 313.9288 516.9807 23.061551254015637
0 1231.5907 202.9584 133.9145 165.3763 10.313240312354818
0 1617.9601 931.9507 218.9628 422.0762 78.6840659460724
0 1414.4825 549.1458 181.3937 212.7203 -90.0
0 1414.7622 421.3344 132.912 163.3648 -24.637202790719243
0 879.2918 200.744 130.06 187.2485 -5.4887252182035695
0 1060.1244 395.9369 212.4 413.225 0.0
