0 602.7802 1065.2998 200.1773 394.1061 34.37746770784939
0 314.1224 906.449 132.0 156.0 0.0
0 372.1712 602.7484 129.2905 153.3977 19.48056503444799
0 588.6889 632.2472 166.8458 316.3487 -22.918329405326745
0 942.6224 274.949 129.0 129.0 0.0
0 1207.0224 199.449 127.0 174.0 4.583662361046586
0 1361.638 295.1756 148.0288 288.177 14.896902673401405
0 1481.4046 477.1836 191.3757 232.463 72.81124854598141
0 1419.1224 556.449 178.0 200.0 -90.0
0 1628.1922 719.2783 153.4847 208.8242 72.81124854598141
0 1578.2796 919.8321 229.3909 476.1872 79.68674208755135
0 1103.4224 440.549 255.4 323.8 0.0
