0 573.5338 1046.7263 250.2365 300.0064 4.0563131302826605
0 327.4318 931.6421 142.5402 153.6132 -1.6732648210255547
0 346.84 634.2387 132.0275 175.5336 25.210142985756224
0 582.8596 618.1271 174.1829 299.453 -22.918329405326745
0 818.105 935.6595 303.5175 402.9776 -52.184785521365654
0 1533.8257 1338.3906 262.5704 495.59 -50.511538300433955
0 1534.6211 793.6396 172.5417 351.1855 84.2704044485979
0 1416.8577 552.2361 178.994 205.0774 84.2704044485979
0 1428.3285 436.8926 123.921 159.3983 71.09237516058897
0 1123.2039 200.3291 123.1396 193.5312 2.8191628111933653
0 1325.915 982.1893 359.3752 490.4235 -74.48453096710085
