0 598.7802 1066.2998 200.1773 394.1061 34.37746770784939
0 325.2724 898.224 138.3 148.45 0.0
0 385.6475 597.299 139.9257 140.0385 25.210142985756224
0 579.6181 639.1825 209.5742 322.2163 -22.918329405326745
0 942.6224 274.949 129.0 129.0 0.0
0 1223.3015 220.1716 166.8772 173.2063 -79.68675968764518
0 1401.431 309.3643 138.7093 252.0034 32.0856365273261
0 1497.5858 489.0447 205.2931 240.4825 72.81124854598141
0 1417.1224 556.449 178.0 196.0 -90.0
0 1629.5844 707.557 135.8769 240.2807 72.81124854598141
0 1573.0508 884.9236 203.2598 442.5611 74.53012193137391
0 1098.6224 439.949 261.0 321.0 0.0
