0 1444.6397 1312.0453 215.9434 484.4324 -45.882249774926606
0 318.69 991.9813 142.0059 210.9579 65.40842337374147
0 346.6936 661.3867 134.897 161.8908 19.48056503444799
0 601.8483 609.3494 172.819 316.3594 -17.188751454018586
0 701.596 1427.096 294.2524 526.7969 45.83662361046586
0 1284.896 277.896 197.0248 224.4072 -2.2918487806171015
0 1538.5368 799.5155 180.0991 339.1024 84.2704044485979
0 1417.6328 551.8236 180.7453 204.4326 84.2704044485979
0 1429.2921 430.6913 142.0022 163.4005 71.09237516058897
0 852.4116 204.7261 140.445 174.321 -12.650697657338867
0 1063.9974 403.2948 217.374 414.5642 -1.7600093883629597e-05
