0 615.9391 977.5229 258.8955 292.777 34.37746770784939
0 324.1701 1021.3935 158.5783 223.9395 48.219689519816825
0 316.7034 688.3017 157.3158 220.3573 -69.94647717042119
0 584.3436 611.1469 207.3271 309.4477 -17.188751454018586
0 1468.9764 1369.5078 331.9889 452.8738 -55.003965932652875
0 760.1377 532.2551 411.7491 429.8575 65.93575500441159
0 1621.6074 897.204 235.705 429.888 73.95716413624314
0 1414.4825 549.1458 181.3937 212.7203 -90.0
0 1396.9384 318.5025 132.1506 227.0881 19.52617359881492
0 882.8026 197.757 138.891 190.0296 -8.639993091423094
0 1144.3494 427.1494 215.0001 447.0 -1.7600093883629597e-05
