0 582.5338 1034.7263 250.2365 300.0064 4.0563131302826605
0 325.9318 932.6421 145.5974 151.7016 -1.6732648210255547
0 346.84 634.2387 132.0275 175.5336 25.210142985756224
0 576.5546 620.0404 187.2877 298.067 -22.918329405326745
0 989.3138 1349.252 309.7382 406.2384 14.32394487827058
0 1527.261 1351.2305 209.9659 511.6909 -50.511538300433955
0 1536.0019 794.552 174.6332 353.7513 84.2704044485979
0 1419.1077 543.4861 195.9573 211.302 84.2704044485979
0 1433.2019 432.616 128.8545 171.3906 71.09237516058897
0 1123.2039 200.3291 123.1396 193.5312 2.8191628111933653
0 1167.925 472.8602 270.2424 434.2131 2.864788975654116
