0 601.6316 928.8319 256.4094 281.3426 -55.62253229215061
0 320.992 1022.8011 178.3732 240.7857 53.94926747112507
0 366.9826 607.1458 165.4164 169.1776 25.210142985756224
0 600.9933 602.1746 170.2119 302.1452 -17.188751454018586
0 1614.7723 1253.8607 162.5651 351.4951 -74.27620351279131
0 1216.345 1356.598 353.4038 487.371 -7.813099277615834
0 1355.3339 274.3817 121.9019 264.9029 20.626480624709636
0 1666.7971 819.7044 183.9469 322.0325 -72.8112661460753
0 1412.4825 553.1458 181.3937 212.7203 -90.0
0 1577.0776 806.9637 193.0816 476.0868 71.09237516058897
0 814.4385 206.4233 157.1974 204.4613 -14.369571042731309
0 1643.4626 1041.8478 280.0065 414.7741 -86.35392577490549
0 1867.4158 1171.074 111.25 154.75 -77.10844960955647
