0 601.6316 928.8319 256.4094 281.3426 -55.62253229215061
0 343.1159 1138.0862 149.5561 370.7312 88.32673517897445
0 362.899 595.5846 153.875 156.0069 -64.78985701424378
0 586.8365 607.711 180.4712 287.9199 -17.188751454018586
0 904.7434 246.7847 126.2119 187.755 -9.167342322186983
0 1153.9123 185.4839 125.6919 155.3151 9.740282517223996
0 1365.9435 292.7 141.9332 256.0956 18.90760723931717
0 1414.0525 420.8713 157.5034 166.7002 69.37350177519647
0 1411.0245 552.3368 177.9756 213.4042 -90.0
0 1623.7884 696.383 227.2723 229.0982 -13.178046888102756
0 957.3979 214.1207 108.8201 210.4397 -10.358866476815592
0 1079.8248 409.8909 233.5201 402.3528 4.010704565915763
