0 581.3333 1039.3621 242.0469 318.9205 4.0563131302826605
0 329.6413 934.9057 146.7668 160.2666 -1.6732648210255547
0 348.0646 621.3449 129.2862 163.1925 19.48056503444799
0 597.9776 602.6552 183.2031 296.4744 -22.918329405326745
0 1239.1979 197.8773 129.078 161.8921 5.729577951308232
0 895.6547 1494.6861 365.9886 532.6835 -0.6185839595915752
0 1500.0757 808.9181 184.0191 370.7386 84.2704044485979
0 1418.8577 550.2361 178.994 205.0774 84.2704044485979
0 1472.814 475.072 141.4229 235.3867 88.28110901451367
0 920.3518 222.9117 126.773 233.6977 -8.639993091423094
0 1356.6319 1103.6768 356.0209 429.6931 -80.21410891840912
