0 601.6316 928.8319 256.4094 281.3426 -55.62253229215061
0 309.4242 904.1627 144.1778 149.9754 -84.27042204869177
0 371.3502 596.6129 165.4635 166.1273 19.48056503444799
0 600.4381 603.7422 151.6846 245.1905 -17.188751454018586
0 891.9772 221.6049 107.6963 149.0023 -3.437764370878824
0 1122.1224 161.0999 117.3019 120.0 -90.0
0 1337.059 289.4317 189.0109 209.881 14.896902673401405
0 1459.5506 455.1665 165.7008 196.3828 72.81124854598141
0 1416.1224 553.449 176.0 198.0 -90.0
0 1618.2185 718.7089 158.1248 208.386 72.81124854598141
0 1117.0745 506.4233 277.5727 484.0692 1.3867683233663115
0 1124.1224 305.399 186.0 238.1 0.0
