0 603.2591 929.163 269.115 284.4029 -55.62253229215061
0 324.8825 1021.5031 165.454 235.6181 53.94926747112507
0 373.0288 600.773 119.1215 153.4031 -51.03886993110402
0 600.7394 601.0673 167.7063 299.0521 -17.188751454018586
0 1695.2588 996.3295 165.2477 318.7696 69.99208573478808
0 1492.3538 1348.5214 224.1756 454.3008 -63.02537506448442
0 1133.9614 180.3838 121.7535 165.5425 3.437746770784939
0 1682.112 738.1973 214.6316 363.8939 81.40561547294385
0 1413.9825 547.1458 181.3937 212.7203 -90.0
0 1601.7405 662.2143 122.1631 317.1626 29.26645611603891
0 821.7276 204.7292 150.8666 181.8773 -9.78590868168476
0 1085.0612 402.6369 212.2239 422.8686 -1.7600093883629597e-05
