0 582.3785 1032.8667 240.9925 306.9806 4.0563131302826605
0 327.4318 931.6421 142.5402 153.6132 -1.6732648210255547
0 348.5669 620.0595 129.1965 165.9511 19.48056503444799
0 597.72 606.7112 186.8365 303.7455 -22.918329405326745
0 1304.2073 215.9808 143.972 156.3204 11.459155902616464
0 818.2138 1453.5346 294.9481 576.697 32.61296815799619
0 1530.6413 799.3057 186.3038 347.7206 84.2704044485979
0 1418.8577 550.2361 178.994 205.0774 84.2704044485979
0 1473.814 477.572 136.3652 237.2359 88.28110901451367
0 926.0623 222.9176 136.6408 233.1411 -2.9104151401148783
0 1776.6075 1143.6175 168.558 302.1889 -87.089602459979
