0 579.8195 1041.5834 250.2365 300.0064 4.0563131302826605
0 327.4318 931.6421 142.5402 153.6132 -1.6732648210255547
0 346.84 634.2387 132.0275 175.5336 25.210142985756224
0 582.6008 616.4273 173.3358 296.1202 -22.918329405326745
0 1077.0815 770.7122 380.5742 406.0618 53.20319927824237
0 1534.0257 1340.0406 263.365 495.4535 -50.511538300433955
0 1533.7607 795.851 168.3127 349.0318 84.2704044485979
0 1416.8577 552.2361 178.994 205.0774 84.2704044485979
0 1413.4132 416.5906 139.7131 145.2028 67.8183224318729
0 1123.2039 200.3291 123.1396 193.5312 2.8191628111933653
0 1542.1135 1069.1391 169.9921 513.5394 -88.39921209230948
