0 579.6665 1035.9556 242.9691 297.9209 4.0563131302826605
0 327.4318 931.6421 142.5402 153.6132 -1.6732648210255547
0 345.566 627.3565 132.2114 184.0287 19.48056503444799
0 588.9526 610.0189 205.5633 303.0103 -22.918329405326745
0 1272.6695 221.7617 125.0244 157.3746 17.188733853924695
0 1541.9023 1344.283 212.3959 511.3583 -50.511538300433955
0 1519.1949 794.7307 185.7495 336.7174 84.2704044485979
0 1418.8577 550.2361 178.994 205.0774 84.2704044485979
0 1449.9375 439.1267 155.2763 202.7716 68.22758618493486
0 919.0623 221.9176 136.6408 233.1411 -2.9104151401148783
0 1595.974 1056.7663 308.5668 473.2635 -88.80847584537145
