0 601.6316 928.8319 256.4094 281.3426 -55.62253229215061
0 390.2353 1186.9721 210.6655 363.9197 84.2704044485979
0 361.4888 614.599 150.931 169.1493 -70.51943496555201
0 580.1224 608.449 188.5548 263.4902 -17.188751454018586
0 866.3561 222.1007 107.9846 129.7569 -9.167342322186983
0 1127.1224 168.0999 131.3019 134.0 -90.0
0 1357.6768 285.4718 158.7945 252.971 14.896902673401405
0 1427.1662 426.1592 147.0794 177.076 61.35209264336498
0 1416.1224 553.449 176.0 198.0 -90.0
0 1618.2185 718.7089 158.1248 208.386 72.81124854598141
0 990.1701 213.4512 144.6591 220.1346 -2.9104151401148783
0 1093.371 397.4922 216.3027 425.1136 0.0
