0 601.6316 928.8319 256.4094 281.3426 -55.62253229215061
0 323.4827 1101.958 125.1395 358.7838 87.75377738384361
0 364.699 594.3846 153.875 156.0069 -64.78985701424378
0 584.1484 608.6783 174.7632 287.6605 -17.188751454018586
0 918.8212 248.226 128.1409 193.6552 -8.59438452705615
0 1153.3668 185.7253 126.4748 158.0423 10.886198107485642
0 1369.5435 294.5 141.9332 256.0956 20.626480624709636
0 1408.6525 416.0713 157.5034 166.7002 72.81124854598141
0 1412.4825 553.1458 181.3937 212.7203 -90.0
0 1646.0014 660.9516 245.8209 285.8526 76.24899531676641
0 957.8828 206.5279 108.0326 194.9536 -8.639993091423094
0 1073.656 406.1838 226.6363 410.0153 5.156620156177409
