0 601.6316 928.8319 256.4094 281.3426 -55.62253229215061
0 789.0542 1231.8314 313.869 424.5596 37.2878652478704
0 366.531 602.3594 144.025 150.177 24.064227395494573
0 580.1224 608.449 188.5548 263.4902 -17.188751454018586
0 871.1561 222.1007 107.9846 129.7569 -9.167342322186983
0 1188.113 181.509 117.8025 138.2894 9.167324722093172
0 1372.6225 270.949 161.3661 221.9436 14.896902673401405
0 1428.8521 416.9083 174.5419 178.7421 61.35209264336498
0 1407.6224 550.449 170.0 215.0 -90.0
0 1618.2185 718.7089 158.1248 208.386 72.81124854598141
0 982.7224 214.749 159.4162 220.7906 -4.056330730376516
0 1097.6224 408.449 247.0 400.0 0.0
