0 581.9708 1035.3177 241.3473 310.7617 4.0563131302826605
0 330.2512 930.028 146.5181 148.2708 88.32673517897445
0 339.7708 649.8176 132.8071 153.1676 19.48056503444799
0 600.2688 601.0919 177.7647 295.3791 -22.918329405326745
0 1198.4092 222.9315 90.0245 119.9282 5.729577951308232
0 1285.3125 313.6998 200.0745 218.4101 -4.0107221660096
0 1496.5757 809.418 193.0739 370.6422 84.2704044485979
0 1418.8577 550.2361 178.994 205.0774 84.2704044485979
0 1405.5896 414.0885 135.6932 169.4806 -18.907624839411028
0 974.7245 246.211 115.7995 199.2611 -2.9104151401148783
