0 317.9106 1029.4869 128.8959 179.6483 49.89293674074855
0 344.4802 643.3794 133.4548 146.2186 32.70420288682379
0 547.9722 545.8692 156.5026 230.9925 61.35209264336498
0 578.6304 1084.913 190.8936 259.547 34.37746770784939
0 1566.4942 791.5876 198.7156 239.204 83.12448885833629
0 1408.3831 548.7707 180.4053 182.4165 84.2704044485979
0 1321.0046 325.8603 147.6125 147.6316 -88.32675277906829
0 1188.6949 227.041 82.2483 110.3841 -6.875511141663708
0 974.9638 226.9131 117.6666 150.0 -1.7600093883629597e-05
0 895.2356 973.4244 332.1974 396.5851 20.00789666511804
