0 1475.9009 1358.9711 210.7277 478.3414 -44.163376389534136
0 317.49 992.2813 142.0059 210.9579 65.40842337374147
0 336.9494 637.6993 137.8049 142.1832 -70.51943496555201
0 601.8483 609.3494 172.819 316.3594 -17.188751454018586
0 691.0035 1411.013 241.3158 509.8797 40.10704565915762
0 1365.1756 283.5478 152.768 253.7776 14.896902673401405
0 1530.9494 802.4494 170.4317 354.7873 84.2704044485979
0 1425.6328 551.8236 180.7453 204.4326 84.2704044485979
0 1429.7176 431.0745 141.0015 159.3724 71.09237516058897
0 840.4244 204.8048 133.0782 176.2813 -8.639993091423094
0 1035.8652 399.434 221.6209 417.2404 -5.729595551402099
