0 592.0957 947.2512 319.4501 429.2126 -67.08168819476707
0 311.74 989.8092 143.8984 190.2981 88.32673517897445
0 377.8279 558.5155 197.5075 215.209 30.939720937064454
0 597.8012 609.3241 180.5366 313.919 -17.188751454018586
0 809.544 1453.6383 295.6417 532.5305 22.91831180523293
0 1063.4858 241.8384 159.0079 279.831 0.5729577951308232
0 1589.8262 931.0807 225.0401 437.1213 84.2704044485979
0 1414.4825 549.1458 181.3937 212.7203 -90.0
0 1430.0379 408.815 171.1202 173.3881 -24.637202790719243
0 882.1418 200.144 130.06 187.2485 -2.9104151401148783
0 1095.6994 406.9494 215.5001 430.0 2.864788975654116
