0 604.3802 1069.2998 200.1773 394.1061 34.37746770784939
0 325.3224 889.649 141.6 160.8 0.0
0 380.5855 592.4736 127.9156 151.3728 19.48056503444799
0 588.6889 632.2472 166.8458 316.3487 -22.918329405326745
0 942.6224 274.949 129.0 129.0 0.0
0 1218.0843 200.2657 137.2359 178.1619 11.459155902616464
0 1374.966 296.0016 151.3025 272.2578 20.626480624709636
0 1481.1225 475.949 196.4307 232.3273 72.81124854598141
0 1429.1224 552.449 186.0 220.0 -90.0
0 1616.4721 701.1508 208.4306 218.4508 -17.188751454018586
0 1550.8508 964.777 221.3077 448.8459 80.25969988268213
0 1104.1224 440.949 258.0 323.0 0.0
