0 602.7802 1065.2998 200.1773 394.1061 34.37746770784939
0 314.1224 906.449 132.0 156.0 0.0
0 378.5855 595.2736 127.9156 151.3728 19.48056503444799
0 588.6889 632.2472 166.8458 316.3487 -22.918329405326745
0 942.6224 274.949 129.0 129.0 0.0
0 1222.615 201.7091 146.6902 177.4606 11.459155902616464
0 1362.2204 291.1964 150.6478 275.4416 19.48056503444799
0 1481.1225 475.949 196.4307 232.3273 72.81124854598141
0 1427.1224 553.249 184.4 216.0 -90.0
0 1620.1132 710.2017 194.3247 207.781 72.81124854598141
0 1545.7731 965.4873 223.4433 468.4451 79.91592520560368
0 1104.1224 440.949 258.0 323.0 0.0
