0 601.6316 928.8319 256.4094 281.3426 -55.62253229215061
0 1083.7541 707.7836 302.6258 542.9372 -17.14312528955776
0 373.5359 588.5643 138.1796 155.5268 25.210142985756224
0 568.7327 607.5995 205.9933 257.2667 -17.188751454018586
0 885.9561 220.7007 107.9846 129.7569 -9.167342322186983
0 1206.3371 189.4123 128.644 148.4433 11.459155902616464
0 1344.437 279.5993 124.184 212.3112 14.896902673401405
0 1431.692 436.2958 145.2566 171.4946 61.35209264336498
0 1407.6224 550.449 170.0 215.0 -90.0
0 1622.0304 711.1618 166.1955 220.13 72.81124854598141
0 981.4152 204.8062 114.3841 218.8143 -6.921119706030652
0 1086.4225 395.199 227.0099 383.881 5.729577951308232
