0 601.6316 915.8319 266.6618 277.8682 34.37746770784939
0 303.6224 906.599 153.0 163.7 0.0
0 361.4964 585.9912 148.3883 154.6983 21.199438419840458
0 611.4613 604.4404 153.2269 247.1293 -17.188751454018586
0 934.6057 245.085 108.5742 189.7457 -9.167342322186983
0 1132.3224 181.5999 114.0 162.3019 0.0
0 1401.431 309.3643 138.7093 252.0034 32.0856365273261
0 1459.4873 449.8311 161.8291 190.8656 72.81124854598141
0 1416.1224 553.449 176.0 198.0 -90.0
0 1623.9808 714.7931 154.0487 221.7102 72.81124854598141
0 1126.2437 644.3295 341.9826 483.779 2.8191628111933653
0 1094.6224 391.899 199.2 355.5 0.0
