0 1468.9009 1365.7711 214.7531 473.8742 -44.163376389534136
0 317.49 992.2813 142.0059 210.9579 65.40842337374147
0 323.5221 683.7666 179.091 181.5232 -81.97859086816848
0 601.8483 609.3494 172.819 316.3594 -17.188751454018586
0 731.3774 1423.9212 270.3725 503.8908 32.0856365273261
0 1334.6827 304.6209 147.8117 216.6232 14.896902673401405
0 1508.2215 805.3701 218.6322 391.8168 81.97857326807463
0 1425.6328 551.8236 180.7453 204.4326 84.2704044485979
0 1433.1456 433.4321 147.684 164.3305 71.09237516058897
0 851.6029 214.6489 132.6952 199.1498 -10.931824271946397
0 1060.2494 396.5494 239.0 416.0 0.0
