0 601.6316 928.8319 256.4094 281.3426 -55.62253229215061
0 319.5108 1023.7216 178.628 237.3071 53.94926747112507
0 368.196 604.823 162.0009 167.1043 25.210142985756224
0 600.9933 602.1746 170.2119 302.1452 -17.188751454018586
0 1620.354 1233.7924 173.4274 360.848 -76.39437118561045
0 1162.4551 820.2984 336.3837 465.9023 3.0557558087712198
0 1360.1721 284.2593 136.549 260.5061 20.626480624709636
0 1665.1315 680.0484 168.1743 328.8679 77.39491090702802
0 1412.4825 553.1458 181.3937 212.7203 -90.0
0 1587.4776 838.1637 193.0816 476.0868 66.12672183752869
0 810.9385 205.4566 146.4983 200.8256 -14.369571042731309
0 1688.5543 972.56 199.3543 413.6186 70.90140832747187
