0 603.523 930.0069 257.9178 279.5627 -55.62253229215061
0 320.992 1022.8011 178.3732 240.7857 53.94926747112507
0 362.5573 617.5151 166.2423 191.7108 25.210142985756224
0 600.9933 602.1746 170.2119 302.1452 -17.188751454018586
0 1685.7254 1090.4683 163.7298 324.2557 -83.07889789406318
0 1368.5189 1418.342 255.4216 497.9287 -28.074949561504184
0 1318.4339 262.6817 121.9019 264.9029 15.469860468532227
0 1656.309 810.0546 163.0799 287.4385 -57.34140567754308
0 1412.4825 553.1458 181.3937 212.7203 -90.0
0 1577.0776 806.9637 193.0816 476.0868 71.09237516058897
0 814.4385 206.4233 157.1974 204.4613 -14.369571042731309
0 1241.5393 1031.3648 263.6601 475.9739 59.06026146284171
