0 581.9708 1035.3177 241.3473 310.7617 4.0563131302826605
0 332.7861 931.4586 143.51 153.2552 88.32673517897445
0 339.3257 655.1972 133.2815 166.8326 19.48056503444799
0 598.5876 602.2197 181.7402 296.1472 -22.918329405326745
0 1199.6903 222.7148 94.7463 119.9257 5.729577951308232
0 1291.4376 305.7288 193.0874 230.1549 -5.729595551402099
0 1496.5757 809.418 193.0739 370.6422 84.2704044485979
0 1418.8577 550.2361 178.994 205.0774 84.2704044485979
0 1404.1389 413.0594 133.6154 172.368 -18.907624839411028
0 974.7245 246.211 115.7995 199.2611 -2.9104151401148783
