0 601.6316 928.8319 256.4094 281.3426 -55.62253229215061
0 320.992 1022.8011 178.3732 240.7857 53.94926747112507
0 362.0656 618.6673 166.3341 194.2145 25.210142985756224
0 600.9933 602.1746 170.2119 302.1452 -17.188751454018586
0 1683.8557 1083.4566 164.9354 335.5131 -83.65185568919406
0 1396.9876 1407.3549 248.3923 496.2342 -30.93973853715829
0 1309.8002 254.7715 129.6988 257.8921 14.896902673401405
0 1655.7413 809.2281 160.6452 284.8819 -55.62253229215061
0 1412.4825 553.1458 181.3937 212.7203 -90.0
0 1577.0776 806.9637 193.0816 476.0868 71.09237516058897
0 816.1664 205.122 158.4396 202.2823 -14.369571042731309
0 1181.5744 955.401 312.1277 478.5267 65.17183037616365
