0 581.3333 1039.3621 242.0469 318.9205 4.0563131302826605
0 329.6413 934.9057 146.7668 160.2666 -1.6732648210255547
0 348.0646 621.3449 129.2862 163.1925 19.48056503444799
0 593.4776 605.1552 193.4397 297.575 -22.918329405326745
0 1239.1979 197.8773 129.078 161.8921 5.729577951308232
0 893.1899 1495.925 360.1838 544.269 -0.6185839595915752
0 1500.0757 808.9181 184.0191 370.7386 84.2704044485979
0 1418.8577 550.2361 178.994 205.0774 84.2704044485979
0 1469.814 471.572 148.5997 229.5993 88.28110901451367
0 914.6413 222.9057 116.9052 234.2543 -14.369571042731309
0 1356.6319 1103.6768 356.0209 429.6931 -80.21410891840912
