0 577.4333 1035.4621 250.3791 311.6918 4.0563131302826605
0 332.3413 931.3057 152.3748 153.2274 -1.6732648210255547
0 348.0646 621.3449 129.2862 163.1925 19.48056503444799
0 598.4776 602.6552 182.282 296.8639 -22.918329405326745
0 1229.1979 197.8773 129.078 161.8921 11.459155902616464
0 1253.1186 1438.1163 421.9961 458.0949 -78.39550342872718
0 1500.0757 808.9181 184.0191 370.7386 84.2704044485979
0 1418.8577 550.2361 178.994 205.0774 84.2704044485979
0 1475.414 476.572 138.2683 240.4944 88.28110901451367
0 954.3761 247.9011 147.6603 194.3407 -2.9104151401148783
0 1365.2723 1067.5425 337.85 441.0877 -81.36002450867073
