0 583.9254 1038.0486 249.3376 298.7844 4.0563131302826605
0 327.4318 931.6421 142.5402 153.6132 -1.6732648210255547
0 346.84 634.2387 132.0275 175.5336 25.210142985756224
0 582.452 615.4499 172.8487 294.2038 -22.918329405326745
0 1127.6055 715.2849 370.6962 413.8017 56.7228217179515
0 1534.0257 1340.0406 263.365 495.4535 -50.511538300433955
0 1532.2762 791.7522 176.7658 346.896 84.2704044485979
0 1416.8577 552.2361 178.994 205.0774 84.2704044485979
0 1401.075 401.8885 138.9677 152.2799 -24.637202790719243
0 1122.8539 203.6791 123.1097 200.2378 2.8191628111933653
0 1593.3759 1061.8234 169.3899 497.9174 -87.089602459979
