0 590.4504 989.892 261.4174 284.0802 34.37746770784939
0 332.6224 887.149 153.0 155.0 0.0
0 379.9947 582.3634 144.7192 181.6933 25.210142985756224
0 584.3775 613.4059 207.2909 318.1899 -22.918329405326745
0 950.1933 220.7337 115.3642 153.7103 -7.448468936794541
0 1127.2224 192.2999 135.0 185.3019 0.0
0 1401.431 309.3643 138.7093 252.0034 32.0856365273261
0 1496.7516 491.9827 210.4137 237.1522 72.81124854598141
0 1417.1224 556.449 178.0 196.0 -90.0
0 1623.9808 714.7931 154.0487 221.7102 72.81124854598141
0 1215.5192 900.4513 330.3112 372.7761 53.85803274229738
0 1110.6224 413.949 269.0 373.0 0.0
