0 597.3582 1058.2631 220.5031 369.5767 32.70420288682379
0 324.4318 933.6421 148.6545 149.7901 -1.6732648210255547
0 340.0446 648.8317 139.5065 151.2171 25.210142985756224
0 577.1626 624.2091 227.2457 300.7545 -22.918329405326745
0 960.3583 1478.0486 309.159 520.3919 9.167324722093172
0 1626.1306 594.3221 174.7659 327.3073 59.58761069360562
0 1533.064 797.2641 182.0866 323.8824 84.2704044485979
0 1415.9493 557.4494 175.996 221.5364 84.2704044485979
0 1430.4252 430.5893 134.4886 167.4504 71.09237516058897
0 960.5209 224.3205 118.8157 242.6862 -8.639993091423094
0 1118.396 424.981 172.8934 443.9366 5.729577951308232
