0 601.6316 928.8319 256.4094 281.3426 -55.62253229215061
0 320.992 1022.8011 178.3732 240.7857 53.94926747112507
0 361.9203 617.6698 165.9664 191.2984 25.210142985756224
0 600.9933 602.1746 170.2119 302.1452 -17.188751454018586
0 1690.6686 1091.3407 163.0235 336.1312 -83.65185568919406
0 1475.4813 1366.4916 240.4629 492.2751 -42.39889443977472
0 1293.7651 229.1308 160.8863 229.8487 14.896902673401405
0 1657.55 809.5031 162.9745 285.2848 -55.62253229215061
0 1412.4825 553.1458 181.3937 212.7203 -90.0
0 1577.8256 809.7646 189.5738 475.8408 71.09237516058897
0 824.0782 199.717 163.4084 193.5665 -14.369571042731309
0 1123.5907 690.1426 362.0992 487.48 -5.156637756271323
