0 591.8378 984.0142 255.6622 271.6447 34.37746770784939
0 332.6224 889.949 153.0 155.0 0.0
0 347.4106 618.3938 149.0817 170.673 25.210142985756224
0 597.1818 611.5232 190.4808 324.3784 -22.918329405326745
0 911.1436 214.3878 95.2685 152.3916 -6.789567472394026
0 1108.1499 190.8174 133.965 181.1769 0.0
0 1401.431 309.3643 138.7093 252.0034 32.0856365273261
0 1496.7516 491.9827 210.4137 237.1522 72.81124854598141
0 1417.1224 556.449 178.0 196.0 -90.0
0 1626.1928 708.0607 165.0667 229.8103 72.81124854598141
0 1466.4109 1081.8051 271.6797 442.0795 -79.55784418374074
0 1110.6224 413.949 269.0 373.0 0.0
