0 601.6316 928.8319 256.4094 281.3426 -55.62253229215061
0 327.3735 1017.35 163.8097 353.1488 84.31603061305867
0 365.8374 593.9186 153.8503 154.3863 -64.78985701424378
0 584.1484 608.6783 174.7632 287.6605 -17.188751454018586
0 944.1925 247.8972 129.6785 191.5255 -4.0107221660096
0 1135.9668 185.3253 126.4748 158.0423 5.729577951308232
0 1370.9462 294.7394 144.7274 256.6357 20.626480624709636
0 1407.8583 416.2835 157.5674 165.0573 72.81124854598141
0 1412.4825 553.1458 181.3937 212.7203 -90.0
0 1620.8009 551.1575 264.5697 284.4452 68.8005439800657
0 953.4826 165.1458 100.2001 108.7882 -8.639993091423094
0 1081.4301 399.3202 180.7846 430.5425 0.0
