0 581.9708 1035.3177 241.3473 310.7617 4.0563131302826605
0 322.4338 947.3393 157.8511 165.7553 -1.6732648210255547
0 340.9708 648.3176 132.1722 149.5736 19.48056503444799
0 599.3081 601.418 184.4671 294.2837 -22.918329405326745
0 1209.4844 222.4822 111.9745 123.0337 5.729577951308232
0 1335.4622 314.1372 156.8106 156.8996 19.48056503444799
0 1498.499 807.3633 189.3692 374.8798 84.2704044485979
0 1419.2371 553.9556 171.5164 205.0651 84.2704044485979
0 1570.811 478.953 167.0411 232.157 48.174063355356054
0 985.4009 243.8114 125.2823 196.9404 -2.9104151401148783
