0 596.2967 1028.6001 244.4079 354.8914 34.37746770784939
0 322.2077 990.9202 148.4963 203.1047 48.219689519816825
0 361.6459 577.0857 176.8676 180.6239 29.79380534680281
0 597.8012 609.3241 180.5366 313.919 -17.188751454018586
0 1208.5405 1406.5635 295.6962 491.7776 -25.21016058585002
0 924.9131 401.7408 199.5442 468.0313 -9.167342322186983
0 1601.1424 895.1585 228.5736 482.4293 79.68674208755135
0 1414.4825 549.1458 181.3937 212.7203 -90.0
0 1406.2427 364.1251 143.9214 235.1735 10.358848876721709
0 881.9078 189.1816 128.9437 168.4297 -8.639993091423094
0 1105.9893 419.4032 185.3791 449.4771 4.583662361046586
