0 593.4967 969.0001 244.0586 319.2729 34.37746770784939
0 324.3881 1024.7794 159.6985 226.2545 48.219689519816825
0 287.7952 711.9995 175.6757 223.0158 -70.51943496555201
0 586.1012 608.9241 202.655 306.2396 -17.188751454018586
0 1478.7713 1360.021 253.9051 454.763 -56.14988152291454
0 747.7588 536.9061 426.9542 457.648 64.78983941414998
0 1600.3388 843.0962 226.1255 432.0551 68.22758618493486
0 1410.8825 547.5458 181.3937 212.7203 -90.0
0 1471.5782 372.4644 125.1101 244.6895 12.65068005724504
0 857.6026 202.557 138.891 190.0296 -10.931824271946397
0 1148.0494 425.8494 209.4001 449.4 -1.7600093883629597e-05
