0 580.6472 1037.9181 243.62 316.1367 4.0563131302826605
0 324.962 935.5631 145.5874 167.1066 -85.94368686971734
0 340.9708 648.3176 132.1722 149.5736 19.48056503444799
0 599.3081 601.418 184.4671 294.2837 -22.918329405326745
0 1209.4844 222.4822 111.9745 123.0337 5.729577951308232
0 1332.8995 314.5828 154.326 159.124 20.626480624709636
0 1500.099 806.8633 188.6937 378.1636 84.2704044485979
0 1419.2371 553.9556 171.5164 205.0651 84.2704044485979
0 1785.5348 1130.5219 166.91 321.8111 -88.3957181736337
0 987.248 242.2554 129.1297 194.02 -2.9104151401148783
