0 581.9708 1035.3177 241.3473 310.7617 4.0563131302826605
0 334.1413 928.9057 148.5345 156.1134 88.32673517897445
0 348.0646 621.3449 129.2862 163.1925 19.48056503444799
0 598.4776 602.6552 182.282 296.8639 -22.918329405326745
0 1239.4458 199.4256 135.0317 160.5797 11.459155902616464
0 1550.9158 1349.2973 277.1367 436.4915 -72.28393451540524
0 1498.9307 807.7003 186.6711 368.7032 84.2704044485979
0 1418.8577 550.2361 178.994 205.0774 84.2704044485979
0 1468.5515 472.9276 145.9656 226.9941 88.28110901451367
0 974.943 245.2087 121.2535 195.1279 -2.9104151401148783
0 1281.5511 1194.7237 339.835 388.8005 -51.566219161867934
