0 601.6316 928.8319 256.4094 281.3426 -55.62253229215061
0 314.6224 899.949 153.0 155.0 5.729577951308232
0 364.7724 594.0636 147.9481 162.6736 -70.51943496555201
0 610.4381 603.7422 151.6846 245.1905 -17.188751454018586
0 870.1224 222.949 112.3886 134.632 -14.896920273495255
0 1134.1224 163.0999 117.3019 120.0 -90.0
0 1330.7928 300.7967 176.4208 248.2955 14.896902673401405
0 1455.6756 454.3915 169.4718 189.437 72.81124854598141
0 1416.1224 553.449 176.0 198.0 -90.0
0 1618.2185 718.7089 158.1248 208.386 72.81124854598141
0 1098.4371 577.0749 295.4896 506.9024 -2.9104151401148783
0 1116.6224 303.449 171.0 242.0 0.0
