0 581.9708 1035.3177 241.3473 310.7617 4.0563131302826605
0 324.0668 906.8728 168.9552 242.9677 -1.6732648210255547
0 340.9708 648.3176 132.1722 149.5736 19.48056503444799
0 604.461 596.974 171.7236 300.8788 -22.918329405326745
0 1209.4844 222.4822 111.9745 123.0337 5.729577951308232
0 1363.5971 326.3556 136.6526 163.2412 -69.37351937529036
0 1492.099 809.3633 192.0713 361.7444 84.2704044485979
0 1419.2371 553.9556 171.5164 205.0651 84.2704044485979
0 1438.8834 436.2728 158.7501 165.4277 71.09237516058897
0 974.7245 246.211 115.7995 199.2611 -2.9104151401148783
