0 601.6316 928.8319 256.4094 281.3426 -55.62253229215061
0 320.992 1022.8011 178.3732 240.7857 53.94926747112507
0 366.9826 607.1458 165.4164 169.1776 25.210142985756224
0 600.9933 602.1746 170.2119 302.1452 -17.188751454018586
0 1620.0246 1250.0359 164.0085 360.896 -73.91157317197002
0 1224.4519 1119.937 379.4653 401.7333 0.5729577951308232
0 1355.9933 276.6008 126.9721 263.381 20.626480624709636
0 1668.2303 772.1881 178.0965 328.727 -83.12450645843012
0 1412.4825 553.1458 181.3937 212.7203 -90.0
0 1580.6776 817.7637 193.0816 476.0868 69.37350177519647
0 812.4885 206.2733 153.4939 203.2028 -14.369571042731309
0 1674.226 1022.1758 239.7771 422.9753 87.13519342425201
