0 589.7116 992.2448 227.2879 280.3434 -71.66535055581366
0 321.6981 1018.7905 156.0434 213.0337 56.24109865164834
0 369.5314 605.6747 132.2346 155.4284 -64.78985701424378
0 602.0074 600.0999 163.9909 299.7261 -17.188751454018586
0 1681.2325 1002.2858 170.3951 337.8718 50.39692914131396
0 1508.4499 1330.5488 197.8126 449.9664 -51.566219161867934
0 1050.0402 192.1201 145.5079 178.7633 -5.798350486817753
0 1704.1739 716.2656 152.7216 284.9367 62.49800823362665
0 1415.4825 541.1458 181.3937 212.7203 -90.0
0 1601.0255 697.4364 183.2878 381.1836 58.07477405521661
0 813.1573 210.969 137.839 184.9504 -18.99907002738837
0 1083.1631 406.9457 203.2663 423.7774 3.437746770784939
