0 603.0316 919.3319 272.9253 273.6718 34.37746770784939
0 305.0224 919.349 153.0 155.0 0.0
0 364.2724 587.5636 157.3956 159.8704 19.48056503444799
0 610.4381 603.7422 151.6846 245.1905 -17.188751454018586
0 897.5126 252.1684 110.7917 182.7377 -13.178046888102756
0 1130.4224 173.1999 112.6 142.7019 0.0
0 1389.531 303.4143 145.6143 248.8967 32.0856365273261
0 1458.452 447.3513 167.179 190.3533 72.81124854598141
0 1416.1224 553.449 176.0 198.0 -90.0
0 1623.9808 714.7931 154.0487 221.7102 72.81124854598141
0 1110.8278 625.3682 312.443 509.8589 -1.1915417547223797
0 1108.4724 362.349 174.9 319.8 0.0
