0 601.6316 928.8319 256.4094 281.3426 -55.62253229215061
0 320.992 1022.8011 178.3732 240.7857 53.94926747112507
0 372.4142 584.3336 164.9709 177.9893 25.210142985756224
0 600.9933 602.1746 170.2119 302.1452 -17.188751454018586
0 1695.3843 1036.0974 145.8163 341.6942 84.8889884081895
0 1509.4403 1321.7712 266.5889 453.6406 -63.02537506448442
0 1276.9446 220.9603 142.1502 211.3687 9.167324722093172
0 1659.8279 798.9779 183.9382 288.911 -55.62253229215061
0 1412.4825 553.1458 181.3937 212.7203 -90.0
0 1590.9145 840.1956 178.2525 468.927 65.36279720928076
0 839.0782 197.917 163.4084 193.5665 -8.639993091423094
0 1075.2452 453.826 269.4081 504.2468 -1.7600093883629597e-05
