0 581.9708 1035.3177 241.3473 310.7617 4.0563131302826605
0 334.1413 928.9057 148.5345 156.1134 88.32673517897445
0 348.0646 621.3449 129.2862 163.1925 19.48056503444799
0 598.4776 602.6552 182.282 296.8639 -22.918329405326745
0 1276.9225 207.8485 128.1028 149.7868 11.459155902616464
0 1626.8619 605.7067 204.0748 367.2787 55.00394833255903
0 1499.5757 804.418 193.0739 370.6422 84.2704044485979
0 1418.8577 550.2361 178.994 205.0774 84.2704044485979
0 1415.3969 426.8183 136.6251 158.7207 -13.178046888102756
0 974.7245 246.211 115.7995 199.2611 -2.9104151401148783
0 1677.9938 1185.9871 219.3248 410.9054 -80.21410891840912
