0 581.9708 1035.3177 241.3473 310.7617 4.0563131302826605
0 322.5732 947.8278 157.7496 162.7888 -1.6732648210255547
0 340.9708 648.3176 132.1722 149.5736 19.48056503444799
0 599.3081 601.418 184.4671 294.2837 -22.918329405326745
0 1209.4844 222.4822 111.9745 123.0337 5.729577951308232
0 1335.1677 314.2557 153.183 156.3493 18.90760723931717
0 1497.699 807.6133 189.707 373.2379 84.2704044485979
0 1419.2371 553.9556 171.5164 205.0651 84.2704044485979
0 1556.634 470.2286 171.5283 227.0414 45.30927437970195
0 985.4009 243.8114 125.2823 196.9404 -2.9104151401148783
