0 612.7203 977.1127 253.1191 289.819 34.37746770784939
0 323.2979 1007.8498 154.0974 214.6796 48.219689519816825
0 317.9034 661.1017 157.3158 220.3573 -67.65464598989789
0 590.3248 610.3368 195.4202 311.435 -17.188751454018586
0 1440.8022 1371.8595 301.5939 469.7652 -45.83664121055972
0 819.1695 490.1065 332.9305 445.0461 -19.48058263454186
0 1627.1733 911.298 227.1292 429.0961 78.54082649728974
0 1414.4825 549.1458 181.3937 212.7203 -90.0
0 1407.4737 329.5348 137.382 230.6816 19.52617359881492
0 882.8026 197.757 138.891 190.0296 -8.639993091423094
0 1139.9494 425.9494 215.0001 447.0 -1.7600093883629597e-05
