0 598.8101 934.9144 261.6444 269.4179 -55.62253229215061
0 309.1224 903.949 154.0 169.0 0.0
0 382.2447 576.3134 141.6057 182.8275 25.210142985756224
0 587.8725 607.449 165.811 288.1786 -22.918329405326745
0 969.7943 238.9554 110.4974 182.69 -6.302553346532932
0 1135.6224 195.0999 135.0 185.3019 0.0
0 1401.431 309.3643 138.7093 252.0034 32.0856365273261
0 1492.2516 490.4827 204.888 229.4407 72.81124854598141
0 1412.3724 554.449 178.0 205.5 -90.0
0 1623.9808 714.7931 154.0487 221.7102 72.81124854598141
0 1092.7459 690.5201 339.8194 451.6874 -5.775204115768986
0 1098.6224 435.449 259.0 302.0 0.0
