0 584.705 1055.9194 220.0936 319.571 34.37746770784939
0 333.5224 887.749 154.8 158.6 0.0
0 385.2447 578.3134 141.6057 182.8275 25.210142985756224
0 583.6607 614.802 181.8917 294.9447 -22.918329405326745
0 957.4074 225.323 118.0198 154.9241 -9.167342322186983
0 1149.7224 196.4999 135.0 185.3019 5.156620156177409
0 1401.431 309.3643 138.7093 252.0034 32.0856365273261
0 1496.7516 491.9827 210.4137 237.1522 72.81124854598141
0 1409.4724 555.549 179.8 211.3 -90.0
0 1623.9808 714.7931 154.0487 221.7102 72.81124854598141
0 1042.1525 752.7444 348.1709 398.2688 -9.212950886553926
0 1105.2224 439.599 258.2 321.7 0.0
