0 602.7802 1065.2998 200.1773 394.1061 34.37746770784939
0 314.1224 906.449 132.0 156.0 0.0
0 372.9641 600.8858 129.9779 154.4101 19.48056503444799
0 588.6889 632.2472 166.8458 316.3487 -22.918329405326745
0 942.6224 274.949 129.0 129.0 0.0
0 1207.2224 199.449 127.0 174.0 4.010704565915763
0 1361.638 295.1756 148.0288 288.177 14.896902673401405
0 1481.5456 477.801 188.8482 232.5309 72.81124854598141
0 1419.1224 556.449 178.0 200.0 -90.0
0 1628.1922 719.2783 153.4847 208.8242 72.81124854598141
0 1575.4575 910.366 245.6916 471.6933 77.39491090702802
0 1103.0724 440.349 254.1 324.2 0.0
