0 583.3169 1038.3709 248.4387 297.5624 4.0563131302826605
0 327.4318 931.6421 142.5402 153.6132 -1.6732648210255547
0 346.84 634.2387 132.0275 175.5336 25.210142985756224
0 582.4973 615.7474 172.9969 294.787 -22.918329405326745
0 1127.4055 697.9105 362.3537 433.2452 50.42028597151245
0 1534.0257 1340.0406 263.365 495.4535 -50.511538300433955
0 1532.2715 791.4997 177.2693 346.9371 84.2704044485979
0 1416.8577 552.2361 178.994 205.0774 84.2704044485979
0 1399.2857 402.6004 142.0514 153.0611 -24.637202790719243
0 1122.5039 207.0291 123.0798 206.9445 2.8191628111933653
0 1619.1713 1050.2672 187.6151 458.2551 -88.23551805024061
