0 317.9106 1029.4869 128.8959 179.6483 49.89293674074855
0 344.4802 643.3794 133.4548 146.2186 32.70420288682379
0 549.3555 544.7987 155.9501 227.5382 61.35209264336498
0 578.6304 1084.913 190.8936 259.547 34.37746770784939
0 1565.6642 796.1779 196.8836 239.4237 83.12448885833629
0 1408.3831 548.7707 180.4053 182.4165 84.2704044485979
0 1319.4826 321.9336 144.3206 152.2379 1.673247220931728
0 1187.8314 227.3764 83.3317 112.1784 -8.021426731925374
0 971.2286 227.5131 111.8036 148.8 -1.7600093883629597e-05
0 1024.1948 1085.082 368.2587 540.5792 -18.953233403777915
