0 582.7522 1033.343 240.0678 306.7118 4.0563131302826605
0 327.4318 931.6421 142.5402 153.6132 -1.6732648210255547
0 348.0646 621.3449 129.2862 163.1925 19.48056503444799
0 597.72 606.7112 186.8365 303.7455 -22.918329405326745
0 1304.7588 216.4696 145.2473 157.0594 11.459155902616464
0 780.3891 1436.9057 311.9143 577.44 44.07212406061262
0 1519.8413 789.6557 218.1855 345.4924 84.2704044485979
0 1418.8577 550.2361 178.994 205.0774 84.2704044485979
0 1473.814 477.572 136.3652 237.2359 88.28110901451367
0 926.0623 222.9176 136.6408 233.1411 -2.9104151401148783
0 1710.8734 1172.0882 208.6803 381.0078 -80.7870667135399
