0 581.9708 1035.3177 241.3473 310.7617 4.0563131302826605
0 332.2385 898.6469 172.1856 209.1376 -1.6732648210255547
0 340.9708 648.3176 132.1722 149.5736 19.48056503444799
0 600.9776 600.6552 176.119 295.1267 -22.918329405326745
0 1209.4844 222.4822 111.9745 123.0337 5.729577951308232
0 1330.6756 296.3141 203.7777 223.2493 3.437746770784939
0 1488.6343 810.7692 194.1772 354.569 84.2704044485979
0 1418.8577 550.2361 178.994 205.0774 84.2704044485979
0 1414.471 406.2672 159.1196 161.3207 71.09237516058897
0 974.7245 246.211 115.7995 199.2611 -2.9104151401148783
