0 601.6316 928.8319 256.4094 281.3426 -55.62253229215061
0 309.8206 908.047 152.4964 153.2952 -84.27042204869177
0 370.919 595.4718 163.8892 167.9913 19.48056503444799
0 600.4381 603.7422 151.6846 245.1905 -17.188751454018586
0 899.6745 226.2329 109.2343 149.014 -3.437764370878824
0 1122.1224 161.0999 117.3019 120.0 -90.0
0 1371.0682 294.4551 166.5184 219.2921 19.48056503444799
0 1460.6006 455.3765 164.6789 198.2649 72.81124854598141
0 1416.1224 553.449 176.0 198.0 -90.0
0 1618.2185 718.7089 158.1248 208.386 72.81124854598141
0 1093.584 485.6563 271.7116 477.459 0.3554442921308123
0 1124.1224 304.619 186.0 239.66 0.0
