0 603.2316 922.4319 268.7806 276.7562 -55.62253229215061
0 307.4224 918.349 153.0 155.0 1.1459155902616465
0 365.5724 587.6636 159.9134 160.5489 19.48056503444799
0 610.4381 603.7422 151.6846 245.1905 -17.188751454018586
0 884.3406 247.8524 112.1539 169.677 -14.896920273495255
0 1130.9224 168.2999 113.6 130.9019 0.0
0 1373.7034 300.8508 154.143 247.7113 28.64788975654116
0 1457.2756 447.9915 169.4718 189.437 72.81124854598141
0 1416.1224 553.449 176.0 198.0 -90.0
0 1622.8283 715.5763 154.8639 219.0454 72.81124854598141
0 1103.2371 609.8749 299.3354 519.5234 -2.9104151401148783
0 1113.8224 342.649 173.4 288.4 0.0
