0 581.9708 1035.3177 241.3473 310.7617 4.0563131302826605
0 334.1413 928.9057 148.5345 156.1134 88.32673517897445
0 348.5412 630.7042 129.2632 180.5216 19.48056503444799
0 598.4776 602.6552 182.282 296.8639 -22.918329405326745
0 1205.4146 221.5482 113.6335 119.9157 5.729577951308232
0 1310.8844 300.1341 151.568 224.6718 5.156620156177409
0 1496.5757 809.418 193.0739 370.6422 84.2704044485979
0 1418.8577 550.2361 178.994 205.0774 84.2704044485979
0 1408.9515 412.3672 140.316 169.6335 -18.907624839411028
0 974.7245 246.211 115.7995 199.2611 -2.9104151401148783
