0 578.4494 1040.9494 241.2473 287.786 4.0563131302826605
0 327.4318 931.6421 142.5402 153.6132 -1.6732648210255547
0 347.166 630.9565 132.2114 184.0287 24.064227395494573
0 579.9596 616.5271 181.1965 299.0934 -22.918329405326745
0 1064.0964 266.1072 157.0403 297.7285 -4.583679961140433
0 1545.9656 1334.2143 223.1117 507.7395 -50.511538300433955
0 1535.7688 791.9281 183.4815 353.8112 84.2704044485979
0 1417.2577 553.4361 178.994 205.0774 84.2704044485979
0 1425.1328 420.9373 116.9863 160.3779 65.36279720928076
0 909.5285 239.5766 128.4177 245.3646 -9.78590868168476
0 1801.1662 1176.0569 142.5005 275.7213 -77.92227773788579
