0 601.7802 1068.2998 200.1773 394.1061 34.37746770784939
0 327.1224 883.949 142.0 165.0 0.0
0 380.5855 592.4736 127.9156 151.3728 19.48056503444799
0 588.6889 632.2472 166.8458 316.3487 -22.918329405326745
0 942.6224 274.949 129.0 129.0 0.0
0 1216.3271 199.8885 133.6417 178.1209 11.459155902616464
0 1375.0169 296.7766 155.999 271.3983 20.626480624709636
0 1481.1225 475.949 196.4307 232.3273 72.81124854598141
0 1429.1224 552.449 186.0 220.0 -90.0
0 1623.4061 711.1222 195.3003 215.7857 72.81124854598141
0 1555.9213 976.5242 211.8145 443.831 80.25969988268213
0 1112.8724 441.449 275.5 324.0 0.0
