0 601.6316 928.8319 256.4094 281.3426 -55.62253229215061
0 1129.8831 636.5706 310.8947 588.3843 -1.1003070258947787
0 368.1416 598.8995 137.3508 150.9761 25.210142985756224
0 568.8327 602.9495 203.0539 266.0923 -17.188751454018586
0 885.1561 220.1007 107.9846 129.7569 -9.167342322186983
0 1201.6337 188.1625 128.5434 146.892 10.313240312354818
0 1344.0289 282.8575 123.3718 210.7513 14.896902673401405
0 1432.092 435.8958 145.2566 171.4946 61.35209264336498
0 1407.6224 550.449 170.0 215.0 -90.0
0 1619.9242 709.5565 170.5075 217.0546 72.81124854598141
0 977.9259 201.8805 114.3054 219.4852 -8.067035296292289
0 1077.8464 391.9857 224.1093 385.2246 5.729577951308232
