0 582.4684 1034.5468 240.4636 309.1535 4.0563131302826605
0 329.6413 934.9057 146.7668 160.2666 -1.6732648210255547
0 348.0646 621.3449 129.2862 163.1925 19.48056503444799
0 600.5875 604.1197 179.5358 301.2049 -22.918329405326745
0 1275.3002 212.7099 140.4309 156.7984 10.313240312354818
0 684.3489 1419.2778 239.6468 541.0562 45.21803965087426
0 1497.8952 805.078 186.7185 380.6968 84.2704044485979
0 1418.8577 550.2361 178.994 205.0774 84.2704044485979
0 1463.7239 471.2365 149.6359 217.445 88.28110901451367
0 926.0623 222.9176 136.6408 233.1411 -2.9104151401148783
0 1356.6319 1103.6768 356.0209 429.6931 -80.21410891840912
