0 593.9665 947.8909 316.341 414.2739 -64.78985701424378
0 311.74 989.8092 143.8984 190.2981 88.32673517897445
0 376.7036 560.6288 197.5487 213.8161 30.939720937064454
0 597.8012 609.3241 180.5366 313.919 -17.188751454018586
0 823.444 1457.6383 295.6417 532.5305 21.772396214971284
0 1054.5865 254.9704 164.0339 303.4361 -1.7600093883629597e-05
0 1587.5903 930.0216 223.8804 437.4791 84.2704044485979
0 1414.4825 549.1458 181.3937 212.7203 -90.0
0 1430.0379 408.815 171.1202 173.3881 -24.637202790719243
0 882.1418 200.144 130.06 187.2485 -2.9104151401148783
0 1097.2494 408.0494 215.4001 433.4 3.437746770784939
