0 1452.4009 1374.6711 251.8098 473.8496 -44.163376389534136
0 321.268 990.7642 141.7944 208.9332 60.82476101269492
0 341.603 591.9388 139.2268 233.5798 -72.8112661460753
0 601.8483 609.3494 172.819 316.3594 -17.188751454018586
0 786.3472 1456.8162 298.1959 502.6437 16.04281826366305
0 1343.297 285.5106 148.0133 192.7502 5.729577951308232
0 1505.8104 809.7341 238.8706 357.2749 78.54082649728974
0 1468.1951 554.5787 171.4351 176.7572 75.10307972650475
0 1433.1456 433.4321 147.684 164.3305 71.09237516058897
0 897.411 225.7415 141.5996 221.8529 -5.202246320638153
0 1094.0494 400.3494 239.0 416.0 0.0
