0 590.0477 956.4952 286.5699 317.5555 -55.62253229215061
0 304.6224 898.199 151.5 155.0 -90.0
0 387.1225 592.449 139.3199 140.7479 -64.78985701424378
0 582.1224 623.949 172.1806 314.7996 -22.918329405326745
0 853.0815 236.2484 122.4754 147.0385 -10.313257912448648
0 1094.0807 192.0999 124.0834 187.3019 0.0
0 1401.431 309.3643 138.7093 252.0034 32.0856365273261
0 1493.7516 492.4827 209.5959 231.1246 72.81124854598141
0 1417.1224 556.449 178.0 196.0 -90.0
0 1626.0048 702.707 140.0701 225.7099 72.81124854598141
0 1565.1224 879.949 207.2353 443.0424 68.8005439800657
0 1106.1224 427.699 268.0 343.5 0.0
