0 601.6316 928.8319 256.4094 281.3426 -55.62253229215061
0 324.8825 1021.5031 165.454 235.6181 53.94926747112507
0 375.9142 579.3336 167.0448 190.0184 25.210142985756224
0 600.9933 602.1746 170.2119 302.1452 -17.188751454018586
0 1696.3843 1034.0974 145.8163 341.6942 84.8889884081895
0 1514.7538 1316.6214 224.1756 454.3008 -63.02537506448442
0 1232.8048 194.5709 113.6772 180.3843 3.437746770784939
0 1662.9096 803.0916 185.3046 289.3547 -60.20619465319719
0 1412.4825 553.1458 181.3937 212.7203 -90.0
0 1592.2493 811.6367 198.2831 449.6462 67.65462838980409
0 839.0782 197.917 163.4084 193.5665 -8.639993091423094
0 1097.9493 412.026 213.5999 415.8467 -1.7600093883629597e-05
