0 1471.9009 1365.9711 210.7277 478.3414 -44.163376389534136
0 317.49 992.2813 142.0059 210.9579 65.40842337374147
0 346.1121 651.998 131.5224 159.7466 18.334649444186343
0 601.8483 609.3494 172.819 316.3594 -17.188751454018586
0 680.2035 1398.313 241.3158 509.8797 45.83662361046586
0 1335.0624 298.3207 150.3172 228.9954 14.896902673401405
0 1528.2722 802.9268 174.4293 360.5697 84.2704044485979
0 1425.6328 551.8236 180.7453 204.4326 84.2704044485979
0 1430.0604 431.3102 141.6697 159.8682 71.09237516058897
0 881.4994 195.3602 126.6386 185.7101 -3.483372935245683
0 1039.5494 392.9494 239.0 416.0 0.0
