0 578.4494 1040.9494 241.2473 287.786 4.0563131302826605
0 327.4318 931.6421 142.5402 153.6132 -1.6732648210255547
0 348.566 630.3565 132.2114 184.0287 25.210142985756224
0 581.3596 617.1271 174.1829 299.453 -22.918329405326745
0 1075.6636 393.1015 217.684 435.9304 2.864788975654116
0 1540.1456 1338.2274 252.7827 502.5936 -50.511538300433955
0 1536.4838 789.4794 180.4485 355.7231 84.2704044485979
0 1416.8577 552.2361 178.994 205.0774 84.2704044485979
0 1399.9744 412.9275 138.3822 155.7269 65.36279720928076
0 1040.0693 216.1069 119.1191 230.9345 -2.9104151401148783
0 1741.5651 1125.2214 152.079 359.083 -85.94368686971734
