0 603.4316 921.6319 270.327 276.1829 -55.62253229215061
0 306.5224 920.649 153.0 155.0 0.5729577951308232
0 365.6724 586.8636 159.5684 162.124 19.48056503444799
0 610.4381 603.7422 151.6846 245.1905 -17.188751454018586
0 886.1178 250.9654 112.1245 174.0577 -14.896920273495255
0 1130.5224 168.9499 112.8 132.6019 0.0
0 1379.0672 300.8575 151.3582 247.6382 30.36676314193363
0 1457.4756 447.1915 169.4718 189.437 72.81124854598141
0 1416.1224 553.449 176.0 198.0 -90.0
0 1623.4046 715.1847 154.4563 220.3778 72.81124854598141
0 1103.8371 613.9749 299.8161 521.1011 -2.9104151401148783
0 1113.4724 347.549 173.7 294.2 0.0
