0 582.1917 1032.6286 241.4548 307.1149 4.0563131302826605
0 327.4318 931.6421 142.5402 153.6132 -1.6732648210255547
0 348.818 619.4169 129.1517 167.3303 19.48056503444799
0 597.72 606.7112 186.8365 303.7455 -22.918329405326745
0 1303.9315 215.7364 143.3343 155.951 11.459155902616464
0 835.1408 1457.9829 300.446 571.7032 32.04001036286536
0 1530.6413 798.5057 186.3038 347.7206 84.2704044485979
0 1418.8577 550.2361 178.994 205.0774 84.2704044485979
0 1473.814 477.572 136.3652 237.2359 88.28110901451367
0 926.0623 222.9176 136.6408 233.1411 -2.9104151401148783
0 1781.7146 1143.4953 164.5496 298.7109 -87.66256025510978
