0 1453.3976 1383.6678 262.0397 480.3542 -44.163376389534136
0 317.49 992.2813 142.0059 210.9579 65.40842337374147
0 332.4014 637.4513 144.9608 162.6494 19.48056503444799
0 601.8483 609.3494 172.819 316.3594 -17.188751454018586
0 696.7917 1415.6926 231.26 533.373 45.83662361046586
0 1288.7328 287.0121 195.8355 247.0243 -1.1459331903554926
0 1534.896 803.3961 173.1036 347.1225 84.2704044485979
0 1425.6328 551.8236 180.7453 204.4326 84.2704044485979
0 1429.7176 431.0745 141.0015 159.3724 71.09237516058897
0 845.8252 205.9427 148.0832 165.5453 -8.639993091423094
0 1046.9119 405.6807 237.745 415.736 -10.886215707579481
