0 601.6316 928.8319 256.4094 281.3426 -55.62253229215061
0 281.9308 897.7201 167.3569 244.9014 -81.21466623992055
0 370.3549 598.7236 163.7767 168.1244 19.48056503444799
0 604.1293 601.9698 159.5055 245.4586 -17.188751454018586
0 906.6185 216.8984 129.4759 134.9371 -4.201688999126759
0 1121.9891 162.1666 118.9019 120.2667 -90.0
0 1332.6435 281.2385 126.869 215.5733 14.896902673401405
0 1457.8754 449.4847 177.5469 200.2583 72.81124854598141
0 1416.1224 553.449 176.0 198.0 -90.0
0 1618.2185 718.7089 158.1248 208.386 72.81124854598141
0 932.0155 423.0808 219.1419 452.1822 -8.639993091423094
0 1119.1891 390.3823 186.5333 415.8667 0.0
