0 601.6316 915.8319 266.6618 277.8682 34.37746770784939
0 303.6224 909.499 153.0 157.9 0.0
0 361.0137 589.3728 151.5499 152.1906 20.05352282957881
0 610.7792 603.975 152.1987 245.8368 -17.188751454018586
0 924.8375 246.8363 108.0247 191.7617 -9.167342322186983
0 1131.5224 181.5999 114.0 162.3019 0.0
0 1401.431 309.3643 138.7093 252.0034 32.0856365273261
0 1460.0049 449.671 161.8291 191.9492 72.81124854598141
0 1416.1224 553.449 176.0 198.0 -90.0
0 1623.9808 714.7931 154.0487 221.7102 72.81124854598141
0 1125.9075 643.0337 341.1836 481.2237 2.8191628111933653
0 1096.6224 387.599 184.4 362.5 0.0
