0 545.1364 964.1512 219.2093 461.0027 -61.35211024345884
0 324.7203 928.6758 153.7624 166.2473 88.32673517897445
0 337.5346 652.5034 138.0924 159.9992 25.210142985756224
0 576.5466 617.4389 223.4418 317.177 -17.188751454018586
0 938.5265 1485.5792 254.7442 511.4051 -3.437764370878824
0 1317.3027 270.9313 181.3514 247.7928 8.021409131831525
0 1538.9368 798.7155 180.0991 339.1024 84.2704044485979
0 1415.9493 557.4494 175.996 221.5364 84.2704044485979
0 1433.6252 432.5893 134.4886 167.4504 71.09237516058897
0 964.3121 220.2 131.3387 242.1449 -2.9104151401148783
0 1129.496 426.581 169.8933 433.9366 -1.7600093883629597e-05
