0 574.7909 1045.6977 250.2365 300.0064 4.0563131302826605
0 327.4318 931.6421 142.5402 153.6132 -1.6732648210255547
0 346.84 634.2387 132.0275 175.5336 25.210142985756224
0 582.8078 617.7871 174.0135 298.7864 -22.918329405326745
0 1008.6163 818.8196 383.9885 409.9429 42.726264923818675
0 1534.0257 1339.8951 263.365 495.4535 -50.511538300433955
0 1535.2582 799.4199 160.9116 351.2994 84.2704044485979
0 1416.8577 552.2361 178.994 205.0774 84.2704044485979
0 1424.6655 433.0322 127.1417 155.143 70.43754169653391
0 1123.2039 200.3291 123.1396 193.5312 2.8191628111933653
0 1504.8504 1070.041 194.085 495.5755 89.81493575604719
