0 1453.8476 1384.9178 264.423 481.8033 -44.163376389534136
0 317.49 992.2813 142.0059 210.9579 65.40842337374147
0 332.3961 636.896 144.5804 163.6929 19.48056503444799
0 601.8483 609.3494 172.819 316.3594 -17.188751454018586
0 697.8427 1416.8427 222.7844 534.2051 45.83662361046586
0 1285.1876 289.4419 197.3655 247.5038 -2.2918487806171015
0 1534.896 803.3961 173.1036 347.1225 84.2704044485979
0 1425.6328 551.8236 180.7453 204.4326 84.2704044485979
0 1429.7176 431.0745 141.0015 159.3724 71.09237516058897
0 848.8174 205.1146 146.4484 165.3322 -8.639993091423094
0 1045.8119 406.8807 237.745 415.736 -11.459173502710257
