0 1064.9252 1203.2928 348.113 382.0063 -71.66535055581366
0 311.74 989.8092 143.8984 190.2981 88.32673517897445
0 421.587 491.2715 203.9392 326.7187 30.939720937064454
0 597.8012 609.3241 180.5366 313.919 -17.188751454018586
0 743.5764 1441.635 314.3977 516.582 22.91831180523293
0 1254.3974 209.8541 133.9428 168.1536 11.459155902616464
0 1637.0226 931.3172 208.1315 444.8885 78.54082649728974
0 1414.4825 549.1458 181.3937 212.7203 -90.0
0 1420.3782 423.5169 141.3018 154.7148 -24.637202790719243
0 874.1418 201.944 130.06 187.2485 -7.494077501161456
0 1061.9494 396.0494 209.6 413.4 0.0
