0 601.6316 928.8319 256.4094 281.3426 -55.62253229215061
0 309.8829 1029.7052 180.2846 214.6962 53.94926747112507
0 376.083 589.7245 139.8004 153.6283 25.210142985756224
0 600.9933 602.1746 170.2119 302.1452 -17.188751454018586
0 1591.8276 1219.036 199.6523 361.7565 -71.6197419914468
0 1111.4739 468.3528 229.1338 468.1924 0.0
0 1380.5318 308.0789 138.8024 259.8297 21.199438419840458
0 1664.6024 658.8685 165.8397 328.9011 72.81124854598141
0 1412.4825 553.1458 181.3937 212.7203 -90.0
0 1588.872 841.9433 190.805 476.1551 65.93575500441159
0 824.8385 202.7233 142.9149 199.7699 -14.369571042731309
0 1667.7493 950.4494 198.0544 351.2157 67.65462838980409
