0 581.9708 1035.3177 241.3473 310.7617 4.0563131302826605
0 334.1413 928.9057 148.5345 156.1134 88.32673517897445
0 348.0646 621.3449 129.2862 163.1925 19.48056503444799
0 598.4776 602.6552 182.282 296.8639 -22.918329405326745
0 1206.8146 220.8482 113.6335 119.9157 5.729577951308232
0 1390.1057 316.3237 163.613 213.4215 12.292523015634249
0 1496.5757 809.418 193.0739 370.6422 84.2704044485979
0 1418.8577 550.2361 178.994 205.0774 84.2704044485979
0 1433.7207 433.1789 156.6485 167.035 71.09237516058897
0 974.7245 246.211 115.7995 199.2611 -2.9104151401148783
