0 595.2626 958.8859 292.9668 311.7496 -55.62253229215061
0 303.2224 898.349 151.8 152.2 -90.0
0 387.5225 592.249 139.3199 140.7479 -64.78985701424378
0 582.1224 623.949 172.1806 314.7996 -22.918329405326745
0 854.4017 236.2947 123.0228 147.6667 -10.542441030500981
0 1094.0807 192.0999 124.0834 187.3019 0.0
0 1401.431 309.3643 138.7093 252.0034 32.0856365273261
0 1493.1516 492.5827 209.4323 229.9191 72.81124854598141
0 1417.1224 556.449 178.0 196.0 -90.0
0 1626.0048 702.707 140.0701 225.7099 72.81124854598141
0 1565.1224 879.949 207.2353 443.0424 68.8005439800657
0 1105.4224 429.949 268.2 338.6 0.0
