0 598.7802 1066.2998 200.1773 394.1061 34.37746770784939
0 326.1224 882.449 140.0 168.0 0.0
0 380.5855 592.4736 127.9156 151.3728 19.48056503444799
0 588.6889 632.2472 166.8458 316.3487 -22.918329405326745
0 942.6224 274.949 129.0 129.0 0.0
0 1183.2148 194.7158 127.6154 169.8233 6.302535746439056
0 1372.6678 296.3516 160.6955 270.5387 20.626480624709636
0 1481.1225 475.949 196.4307 232.3273 72.81124854598141
0 1418.3224 556.049 178.8 198.4 -90.0
0 1624.4673 726.186 155.9693 214.7502 77.96786870215885
0 1558.6225 988.949 202.8552 443.7159 80.25969988268213
0 1093.7224 440.149 249.8 321.4 0.0
