0 1360.4341 1319.1498 296.958 480.16 -45.99684133395277
0 311.74 989.8092 143.8984 190.2981 88.32673517897445
0 490.1763 440.2712 223.4384 351.6943 36.44011577032036
0 597.8012 609.3241 180.5366 313.919 -17.188751454018586
0 743.5764 1441.635 314.3977 516.582 22.91831180523293
0 1321.7789 240.9601 133.7139 194.5104 14.667719555349073
0 1636.6475 956.4429 199.4443 448.0033 79.91592520560368
0 1414.4825 549.1458 181.3937 212.7203 -90.0
0 1441.9273 429.367 127.7697 175.5991 65.36279720928076
0 855.4218 206.104 130.06 187.2485 -13.911204806626671
0 1072.5094 396.1694 200.64 413.96 0.0
