0 598.7802 1066.2998 200.1773 394.1061 34.37746770784939
0 326.1224 888.449 140.0 168.0 0.0
0 379.3875 601.9207 137.2709 144.3233 -65.3628148093746
0 576.5264 637.2608 193.1553 316.1117 -22.918329405326745
0 942.6224 274.949 129.0 129.0 0.0
0 1179.5357 194.141 126.9458 168.9013 5.729577951308232
0 1401.431 309.3643 138.7093 252.0034 32.0856365273261
0 1503.1725 484.849 209.0937 253.6368 72.81124854598141
0 1417.1224 556.449 178.0 196.0 -90.0
0 1617.4224 725.649 159.7416 216.6545 78.54082649728974
0 1536.6147 961.5671 255.2513 458.1435 80.25969988268213
0 1098.6224 439.949 261.0 321.0 0.0
