0 601.6316 928.8319 256.4094 281.3426 -55.62253229215061
0 322.9372 1022.1521 171.9136 238.2019 53.94926747112507
0 374.1642 581.8336 166.0078 184.0038 25.210142985756224
0 600.9933 602.1746 170.2119 302.1452 -17.188751454018586
0 1695.3843 1036.0974 145.8163 341.6942 84.8889884081895
0 1512.897 1317.3963 245.3822 453.9707 -63.02537506448442
0 1257.3747 207.7656 127.9137 195.8765 6.302535746439056
0 1659.8279 798.9779 183.9382 288.911 -55.62253229215061
0 1412.4825 553.1458 181.3937 212.7203 -90.0
0 1589.4319 835.3225 188.3476 470.2947 65.36279720928076
0 839.0782 197.917 163.4084 193.5665 -8.639993091423094
0 1083.8472 433.576 242.204 458.7468 -1.7600093883629597e-05
