0 1464.4587 1360.1587 260.8423 491.6686 -44.163376389534136
0 317.49 992.2813 142.0059 210.9579 65.40842337374147
0 344.8077 645.2444 140.3551 163.8121 19.48056503444799
0 601.8483 609.3494 172.819 316.3594 -17.188751454018586
0 701.3087 1422.2587 244.2248 531.9826 45.83662361046586
0 1285.1001 285.9781 197.2633 240.5748 -2.2918487806171015
0 1538.5368 799.5155 180.0991 339.1024 84.2704044485979
0 1423.2328 551.8236 180.7453 204.4326 84.2704044485979
0 1429.1871 430.587 142.2677 160.0601 71.09237516058897
0 838.6546 207.9324 155.0652 174.1097 -14.369571042731309
0 1053.8119 403.8807 237.745 415.736 -1.7600093883629597e-05
