0 919.0182 1186.9006 330.5934 357.7527 41.06199441630218
0 321.49 991.2813 142.0059 210.9579 65.40842337374147
0 348.809 649.9554 145.1655 156.759 19.48056503444799
0 594.8483 614.3494 172.819 316.3594 -17.188751454018586
0 643.4806 1418.2176 221.1265 430.8322 45.83662361046586
0 1284.896 277.896 197.0248 224.4072 -2.2918487806171015
0 1538.5368 799.5155 180.0991 339.1024 84.2704044485979
0 1421.0477 558.3077 172.6589 210.299 84.2704044485979
0 1432.4252 433.5893 134.4886 167.4504 71.09237516058897
0 917.3125 214.3941 120.406 217.0822 -3.483372935245683
0 1103.3407 418.8757 172.004 431.326 -1.7600093883629597e-05
