0 317.9106 1029.4869 128.8959 179.6483 49.89293674074855
0 344.4802 643.3794 133.4548 146.2186 32.70420288682379
0 549.3555 544.7987 155.9501 227.5382 61.35209264336498
0 576.1304 1082.413 173.2842 260.3106 34.37746770784939
0 1509.3971 762.4243 126.6933 184.7348 -11.459173502710257
0 1408.3831 548.7707 180.4053 182.4165 84.2704044485979
0 1315.9826 321.9336 151.3176 152.4423 1.673247220931728
0 1187.4904 230.4655 91.5465 105.7671 -4.0107221660096
0 973.1214 228.6662 122.0181 143.5063 -1.7600093883629597e-05
0 1739.478 1147.0191 213.9956 370.963 -84.84337984382259
