0 582.5338 1034.7263 250.2365 300.0064 4.0563131302826605
0 324.4318 933.6421 148.6545 149.7901 -1.6732648210255547
0 345.84 634.6387 132.0275 175.5336 25.210142985756224
0 576.5546 620.0404 187.2877 298.067 -22.918329405326745
0 957.6583 1415.0076 276.2093 505.6477 16.04281826366305
0 1529.861 1348.2305 209.9659 511.6909 -50.511538300433955
0 1531.3828 795.4645 175.5267 344.377 84.2704044485979
0 1419.8654 539.5681 206.0295 217.4536 84.2704044485979
0 1430.4252 430.5893 134.4886 167.4504 71.09237516058897
0 1122.8351 199.2967 123.978 191.5051 2.8191628111933653
0 1179.788 445.992 198.0946 448.6555 11.459155902616464
