0 751.0019 1074.2589 394.3365 397.2543 31.512678732195283
0 315.695 985.4352 149.9941 187.7712 76.86757927635796
0 343.4718 651.3294 141.6289 158.3791 22.345354010102106
0 597.8483 612.3494 172.819 316.3594 -17.188751454018586
0 770.9563 1425.1169 242.1253 491.5968 28.64788975654116
0 1284.896 277.896 197.0248 224.4072 -2.2918487806171015
0 1538.5368 799.5155 180.0991 339.1024 84.2704044485979
0 1421.4271 559.0282 171.7604 210.9508 84.2704044485979
0 1432.4252 433.5893 134.4886 167.4504 71.09237516058897
0 941.181 219.1245 125.0048 230.2939 -2.9104151401148783
0 1109.396 423.481 169.8933 433.9366 -1.7600093883629597e-05
