0 594.2268 991.1608 228.0407 292.8245 50.42028597151245
0 308.3837 1020.3379 103.0415 202.6946 43.922506056335635
0 362.5489 615.5195 132.7032 179.4496 27.597486230727824
0 581.9992 616.2451 207.0342 303.4632 -17.188751454018586
0 1647.4276 1187.666 128.7097 350.4544 -71.95394827334661
0 1510.3101 1327.6455 185.3471 453.5441 -53.95356240683958
0 933.5027 389.044 180.6444 449.9404 -16.090563248091314
0 1711.3613 849.7661 172.5587 369.3285 81.97857326807463
0 1413.2633 547.3596 168.9661 208.2819 -90.0
0 1597.0434 783.0331 193.8274 443.3791 65.91667550983374
0 800.3947 191.4448 127.0285 134.1827 -20.09914899403958
0 1133.0243 421.6838 202.5001 445.9979 -1.7600093883629597e-05
