0 601.6316 928.8319 256.4094 281.3426 -55.62253229215061
0 965.8649 860.3946 381.324 386.8164 -88.80847584537145
0 368.1416 598.8995 137.3508 150.9761 25.210142985756224
0 567.6609 607.6688 208.0822 257.7679 -17.188751454018586
0 875.6561 221.1007 107.9846 129.7569 -9.167342322186983
0 1165.6445 180.0128 118.3207 144.7334 5.729577951308232
0 1377.425 272.3858 145.9991 221.6357 14.896902673401405
0 1441.692 431.2958 141.2587 182.9845 61.35209264336498
0 1407.6224 550.449 170.0 215.0 -90.0
0 1618.2185 718.7089 158.1248 208.386 72.81124854598141
0 964.7876 209.9545 123.3067 218.9944 -5.775204115768986
0 1103.6224 409.449 235.0 402.0 0.0
