0 601.6316 928.8319 256.4094 281.3426 -55.62253229215061
0 314.0591 1038.4577 161.2164 218.2449 53.94926747112507
0 376.083 589.7245 139.8004 153.6283 25.210142985756224
0 600.9933 602.1746 170.2119 302.1452 -17.188751454018586
0 1095.352 549.4559 176.9078 410.3334 -3.437764370878824
0 1177.1529 189.9939 127.8917 163.6747 5.729577951308232
0 1329.3882 291.8529 129.7807 228.7524 20.626480624709636
0 1464.539 380.5818 167.7488 216.7563 26.97462493551558
0 1412.4825 553.1458 181.3937 212.7203 -90.0
0 1635.2785 740.7096 198.5686 356.9467 71.09237516058897
0 971.1652 216.4046 117.6216 217.3979 -2.9104151401148783
0 1353.0187 1064.688 362.5321 504.2133 -78.54084409738354
