0 317.9106 1029.4869 128.8959 179.6483 49.89293674074855
0 344.4802 643.3794 133.4548 146.2186 32.70420288682379
0 549.3555 544.7987 155.9501 227.5382 61.35209264336498
0 576.1304 1082.413 173.2842 260.3106 34.37746770784939
0 1519.454 767.4579 144.3569 170.8156 -11.459173502710257
0 1408.3831 548.7707 180.4053 182.4165 84.2704044485979
0 1315.9826 321.9336 151.3176 152.4423 1.673247220931728
0 1187.4904 230.4655 91.5465 105.7671 -3.192194659885672
0 972.7643 228.7729 121.3038 143.7197 -1.7600093883629597e-05
0 1670.2019 1150.1274 265.356 395.0409 -76.82197071199107
