0 598.7802 1066.2998 200.1773 394.1061 34.37746770784939
0 326.1224 882.449 140.0 168.0 0.0
0 380.5855 588.4736 127.9156 151.3728 19.48056503444799
0 585.0402 633.7513 174.7386 316.2776 -22.918329405326745
0 942.6224 274.949 129.0 129.0 0.0
0 1179.5357 194.141 126.9458 168.9013 5.729577951308232
0 1372.6678 296.3516 160.6955 270.5387 20.626480624709636
0 1481.7225 477.749 195.0122 227.7417 72.81124854598141
0 1417.1224 556.449 178.0 196.0 -90.0
0 1622.6436 726.7837 154.8383 216.0255 78.54082649728974
0 1563.7362 998.9747 206.2994 454.9298 81.97857326807463
0 1090.6224 439.949 245.0 321.0 0.0
