0 601.6316 928.8319 256.4094 281.3426 -55.62253229215061
0 376.4189 1184.8118 196.6183 390.9716 88.32673517897445
0 359.899 597.5846 153.875 156.0069 -64.78985701424378
0 591.3168 606.0987 189.9844 288.3524 -17.188751454018586
0 885.1137 244.3826 122.9968 177.9213 -9.167342322186983
0 1151.8214 185.0817 124.3872 150.7698 6.875493541569878
0 1359.9435 289.7 141.9332 256.0956 16.04281826366305
0 1423.0525 428.8713 157.5034 166.7002 63.64392382388826
0 1408.5944 550.9884 172.2788 214.544 -90.0
0 1634.4029 711.5381 175.1461 241.032 76.82195311189724
0 955.6821 218.186 108.5869 218.4348 -13.2236554524697
0 1090.8606 414.5022 236.5021 393.3832 1.1459155902616465
