0 1444.0009 1381.7711 259.5644 475.5186 -44.163376389534136
0 314.4236 972.0066 135.2958 194.1505 80.30532604714296
0 414.1751 532.1273 150.1075 275.2685 -63.64394142398213
0 601.8483 609.3494 172.819 316.3594 -17.188751454018586
0 762.4859 1451.0947 316.1837 512.7728 17.188733853924695
0 1341.601 265.3037 138.6973 194.2923 13.750987083139757
0 1483.0972 802.9435 243.3474 318.1589 75.10307972650475
0 1492.1038 565.2766 166.7263 189.2736 72.81124854598141
0 1433.1456 433.4321 147.684 164.3305 71.09237516058897
0 906.9118 223.6439 141.5545 222.4887 -2.9104151401148783
0 1098.4494 399.9494 239.0 416.0 0.0
