0 601.6316 928.8319 256.4094 281.3426 -55.62253229215061
0 1129.2954 644.443 364.4909 583.2919 2.9103975400209947
0 368.1416 598.8995 137.3508 150.9761 25.210142985756224
0 573.7327 600.8495 192.4505 267.2086 -17.188751454018586
0 871.1561 220.1007 107.9846 129.7569 -9.167342322186983
0 1168.7101 179.4138 127.8394 136.0331 2.291831180523293
0 1345.3723 288.8643 117.6869 199.8321 14.896902673401405
0 1434.892 433.0958 145.2566 171.4946 61.35209264336498
0 1407.6224 550.449 170.0 215.0 -90.0
0 1620.9309 715.1195 159.2835 215.69 72.81124854598141
0 970.301 206.6004 113.7547 224.1813 -4.056330730376516
0 1082.9143 395.7428 234.9444 378.7598 5.729577951308232
