0 590.815 976.9279 245.8043 293.4479 34.37746770784939
0 324.3881 1024.7794 159.6985 226.2545 48.219689519816825
0 295.2756 706.6303 169.4155 224.7277 -70.51943496555201
0 589.0491 608.6482 196.8594 307.4547 -17.188751454018586
0 1468.8409 1369.0094 268.2429 454.4277 -52.754590924748754
0 728.2776 554.3199 410.9357 506.7798 64.78983941414998
0 1605.1863 865.0434 237.849 430.086 72.04732391773354
0 1413.8825 548.8791 181.3937 212.7203 -90.0
0 1433.6318 349.9238 128.9604 231.5314 9.679779297932669
0 874.0471 198.557 138.891 190.0296 -9.021984053436825
0 1146.642 427.1827 214.0668 447.4 -1.7600093883629597e-05
