0 601.6316 928.8319 256.4094 281.3426 -55.62253229215061
0 314.1928 1026.0341 177.6814 338.9506 77.58587774014518
0 365.2385 609.7947 162.4906 165.2836 -70.51943496555201
0 578.1224 605.949 199.4482 255.3456 -17.188751454018586
0 859.1561 222.1007 107.9846 129.7569 -9.167342322186983
0 1121.1224 169.0999 122.0 129.3019 0.0
0 1335.3768 280.2718 131.6549 218.847 14.896902673401405
0 1457.4446 448.576 179.5378 200.5443 72.81124854598141
0 1416.1224 553.449 176.0 198.0 -90.0
0 1618.2185 718.7089 158.1248 208.386 72.81124854598141
0 968.0903 346.1478 149.3921 390.5602 -0.0456261644607423
0 1123.4915 387.6535 160.9949 404.7225 2.864788975654116
