0 581.9708 1035.3177 241.3473 310.7617 4.0563131302826605
0 336.4643 892.375 172.36 219.5118 -1.6732648210255547
0 340.9708 648.3176 132.1722 149.5736 19.48056503444799
0 602.3031 600.2776 173.3831 295.4635 -22.918329405326745
0 1209.4844 222.4822 111.9745 123.0337 5.729577951308232
0 1338.7593 299.1426 187.3002 215.4273 3.437746770784939
0 1487.7519 810.9193 194.2997 352.783 84.2704044485979
0 1418.8577 550.2361 178.994 205.0774 84.2704044485979
0 1427.9613 402.6948 154.7608 189.5779 71.09237516058897
0 974.7245 246.211 115.7995 199.2611 -2.9104151401148783
