0 599.2959 1070.531 203.9853 351.0244 32.70420288682379
0 324.4318 933.6421 148.6545 149.7901 -1.6732648210255547
0 340.0446 648.8317 139.5065 151.2171 25.210142985756224
0 570.2626 625.7091 241.1246 303.3653 -22.918329405326745
0 940.6516 1478.8773 299.9374 522.6626 9.167324722093172
0 1534.8341 375.9426 141.0973 220.3926 32.0856365273261
0 1543.896 796.3961 182.5221 345.6115 84.2704044485979
0 1415.9493 557.4494 175.996 221.5364 84.2704044485979
0 1430.4252 430.5893 134.4886 167.4504 71.09237516058897
0 959.5121 224.2 131.3387 242.1449 -8.639993091423094
0 1118.396 424.981 172.8934 443.9366 5.729577951308232
