0 598.65 1066.4417 209.4912 357.2085 32.70420288682379
0 324.4318 933.6421 148.6545 149.7901 -1.6732648210255547
0 340.0446 648.8317 139.5065 151.2171 25.210142985756224
0 577.1626 624.2091 227.2457 300.7545 -22.918329405326745
0 954.8205 1480.2011 303.0113 521.9057 6.875493541569878
0 1600.4185 498.3015 149.7212 283.5341 52.71211715203574
0 1540.2853 796.6854 182.3769 338.3685 84.2704044485979
0 1415.9493 557.4494 175.996 221.5364 84.2704044485979
0 1430.4252 430.5893 134.4886 167.4504 71.09237516058897
0 959.8484 224.2402 127.1644 242.3253 -8.639993091423094
0 1118.396 424.981 172.8934 443.9366 5.729577951308232
