0 601.6316 928.8319 256.4094 281.3426 -55.62253229215061
0 320.8434 942.5594 171.7829 183.5346 88.32673517897445
0 376.083 589.7245 139.8004 153.6283 25.210142985756224
0 579.0397 611.6628 193.7843 293.9368 -17.188751454018586
0 994.1666 303.8159 142.7128 260.0907 -3.437764370878824
0 1168.1376 188.3511 126.5355 158.2837 5.729577951308232
0 1361.3184 285.4464 150.6752 252.5214 20.626480624709636
0 1421.3419 358.8331 179.5403 244.6779 19.280603887821826
0 1412.4825 553.1458 181.3937 212.7203 -90.0
0 1621.2194 542.333 185.9193 267.1677 54.31290505972623
0 945.3075 192.2637 107.9423 160.0715 -8.639993091423094
0 1126.7166 449.0164 233.5405 426.1802 3.7651348549226915
