0 601.6316 928.8319 256.4094 281.3426 -55.62253229215061
0 313.4785 1034.9831 154.9145 215.0942 53.94926747112507
0 376.083 589.7245 139.8004 153.6283 25.210142985756224
0 600.9933 602.1746 170.2119 302.1452 -17.188751454018586
0 1122.3545 666.6956 222.2968 351.622 -0.5729753952247165
0 1181.1529 189.9939 135.8517 164.4733 5.729577951308232
0 1337.2728 292.4233 144.9411 233.2399 20.626480624709636
0 1509.039 393.0818 167.7488 216.7563 26.97462493551558
0 1412.4825 553.1458 181.3937 212.7203 -90.0
0 1637.1923 769.496 203.0215 377.437 71.09237516058897
0 972.8073 218.677 123.3282 225.5739 -2.9104151401148783
0 1447.3667 1086.1493 327.5524 555.591 -84.27042204869177
