0 1408.6604 1321.0836 290.0518 499.0622 -44.6217426256388
0 311.74 989.8092 143.8984 190.2981 88.32673517897445
0 539.3828 413.9126 238.189 364.7189 42.62805995773324
0 597.8012 609.3241 180.5366 313.919 -17.188751454018586
0 743.5764 1441.635 314.3977 516.582 22.91831180523293
0 1327.96 253.9408 133.3591 214.6396 14.839606893888323
0 1639.42 949.2767 194.2728 432.0252 81.46291125245693
0 1414.4825 549.1458 181.3937 212.7203 -90.0
0 1444.8699 429.3484 127.2137 180.9641 65.36279720928076
0 852.3618 206.584 130.06 187.2485 -14.25497948370517
0 1075.3894 395.4044 200.16 413.99 0.0
