0 601.6316 928.8319 256.4094 281.3426 -55.62253229215061
0 325.4615 935.1042 177.4562 188.5105 89.09065980722238
0 376.083 589.7245 139.8004 153.6283 25.210142985756224
0 579.9484 611.0116 188.837 292.0997 -17.188751454018586
0 993.3979 297.7574 141.4375 252.1311 -3.8197553328924982
0 1155.5001 186.392 126.4748 158.0423 5.729577951308232
0 1363.9703 287.5611 152.6212 256.9963 20.626480624709636
0 1421.8185 362.6489 179.21 238.4271 22.00897161245524
0 1412.4825 553.1458 181.3937 212.7203 -90.0
0 1615.345 524.7908 197.6011 253.6577 56.195472487187544
0 948.6493 196.8458 107.0054 169.9939 -8.639993091423094
0 1125.2859 439.287 225.261 424.8226 2.673822142537013
