0 1444.4009 1382.9711 259.5644 475.5186 -44.163376389534136
0 310.231 947.1544 148.812 181.3646 -85.94368686971734
0 508.396 466.4025 181.4518 300.1831 -47.60112316031908
0 601.8483 609.3494 172.819 316.3594 -17.188751454018586
0 775.9102 1457.125 330.8025 518.2361 17.188733853924695
0 1308.8832 235.6637 135.0993 193.1283 16.04281826366305
0 1497.0699 839.9513 232.7322 340.9727 75.10307972650475
0 1503.5407 571.9642 156.9284 202.6588 72.81124854598141
0 1421.0169 432.8994 143.8081 183.8717 68.8005439800657
0 909.3118 223.2439 141.5545 222.4887 -2.9104151401148783
0 1081.6494 398.7494 239.0 416.0 0.0
