0 601.6316 928.8319 256.4094 281.3426 -55.62253229215061
0 509.6585 1270.8091 255.6953 467.8829 82.59715722766623
0 373.6224 586.949 132.6665 143.1419 -64.78985701424378
0 575.4677 603.9085 209.094 260.3384 -17.188751454018586
0 865.8285 246.7633 140.6387 179.3255 -9.167342322186983
0 1175.5245 186.6453 146.3746 155.784 5.729577951308232
0 1328.6729 293.5702 130.5054 224.3156 9.167324722093172
0 1431.692 436.2958 145.2566 171.4946 61.35209264336498
0 1409.6224 551.449 172.0 219.0 -90.0
0 1632.7965 713.9397 153.307 237.9678 76.82195311189724
0 952.7872 218.9126 105.9689 219.8302 -2.9104151401148783
0 1102.775 411.3467 252.6949 397.7954 0.0
