0 1052.1905 1260.5878 333.6547 377.086 -46.07321660804371
0 321.49 991.2813 142.0059 210.9579 65.40842337374147
0 347.009 649.3554 145.1655 156.759 19.48056503444799
0 594.8483 614.3494 172.819 316.3594 -17.188751454018586
0 671.3175 1387.6975 230.412 506.8385 45.83662361046586
0 1284.896 277.896 197.0248 224.4072 -2.2918487806171015
0 1538.5368 799.5155 180.0991 339.1024 84.2704044485979
0 1419.9094 556.1463 175.3544 208.3436 84.2704044485979
0 1432.4252 433.5893 134.4886 167.4504 71.09237516058897
0 908.0121 208.6776 115.7144 202.9929 -5.202246320638153
0 1101.6746 412.5597 178.336 423.494 -1.7600093883629597e-05
