0 590.5435 1021.8131 259.8513 314.5495 5.775186515675159
0 324.4318 933.6421 148.6545 149.7901 -1.6732648210255547
0 341.84 636.2387 132.0275 175.5336 25.210142985756224
0 576.5546 620.0404 187.2877 298.067 -22.918329405326745
0 946.4358 1483.5668 292.7933 528.3468 8.021409131831525
0 1531.5374 1342.5147 234.6742 512.6888 -45.354918144256544
0 1534.2631 791.5718 182.6981 350.886 84.2704044485979
0 1413.896 558.8961 178.4649 217.1615 84.2704044485979
0 1430.4252 430.5893 134.4886 167.4504 71.09237516058897
0 1119.9597 194.1671 127.3314 183.401 6.82986737710911
0 1126.4452 429.8204 163.7859 446.3365 5.729577951308232
