0 578.4494 1040.9494 241.2473 287.786 4.0563131302826605
0 327.4318 931.6421 142.5402 153.6132 -1.6732648210255547
0 345.566 627.3565 132.2114 184.0287 19.48056503444799
0 580.2549 615.2468 218.2744 300.427 -22.918329405326745
0 1238.6926 211.3382 124.9657 165.346 12.605071492878112
0 1538.738 1344.8628 206.9887 510.6234 -50.511538300433955
0 1519.1949 794.7307 185.7495 336.7174 84.2704044485979
0 1418.8577 550.2361 178.994 205.0774 84.2704044485979
0 1441.4872 422.2604 157.5098 189.0058 65.36279720928076
0 900.6623 227.9176 136.6408 233.1411 -5.202246320638153
0 1741.4542 1133.1992 219.2118 329.6317 -79.8321179563954
