0 601.6316 928.8319 256.4094 281.3426 -55.62253229215061
0 311.6153 914.4733 158.2751 164.9743 5.729577951308232
0 370.8882 595.3903 163.7767 168.1244 19.48056503444799
0 600.4381 603.7422 151.6846 245.1905 -17.188751454018586
0 916.9204 233.175 111.5414 149.0316 -3.437764370878824
0 1122.1224 161.0999 117.3019 120.0 -90.0
0 1342.3768 290.7718 150.583 202.152 14.896902673401405
0 1460.6756 455.3915 164.6059 198.3993 72.81124854598141
0 1416.1224 553.449 176.0 198.0 -90.0
0 1618.2185 718.7089 158.1248 208.386 72.81124854598141
0 1047.3347 471.9158 271.2929 476.9868 -2.9104151401148783
0 1124.1224 303.449 186.0 242.0 0.0
