0 598.3271 1064.397 212.2442 360.3006 32.70420288682379
0 324.4318 933.6421 148.6545 149.7901 -1.6732648210255547
0 340.0446 648.8317 139.5065 151.2171 25.210142985756224
0 577.1626 624.2091 227.2457 300.7545 -22.918329405326745
0 956.2049 1479.6629 304.5482 521.5272 7.448451336700702
0 1606.8465 522.3066 155.9824 294.4774 54.43099053742821
0 1538.48 796.8301 182.3044 334.747 84.2704044485979
0 1415.9493 557.4494 175.996 221.5364 84.2704044485979
0 1430.4252 430.5893 134.4886 167.4504 71.09237516058897
0 960.0165 224.2602 125.0772 242.4155 -8.639993091423094
0 1118.396 424.981 172.8934 443.9366 5.729577951308232
