0 601.6316 928.8319 256.4094 281.3426 -55.62253229215061
0 310.045 904.2368 143.6445 149.7626 -84.27042204869177
0 371.7096 597.5639 164.574 166.7754 -70.51943496555201
0 600.4381 603.7422 151.6846 245.1905 -17.188751454018586
0 894.553 221.3082 107.5977 149.0016 -3.437764370878824
0 1122.1224 161.0999 117.3019 120.0 -90.0
0 1326.1348 296.0661 190.618 210.3764 14.896902673401405
0 1458.6756 454.9915 166.5523 194.8144 72.81124854598141
0 1416.1224 553.449 176.0 198.0 -90.0
0 1618.2185 718.7089 158.1248 208.386 72.81124854598141
0 1112.6499 517.1291 282.4569 489.5777 0.5273316306700622
0 1124.1224 305.449 186.0 238.0 0.0
