0 602.7581 1007.7228 237.5741 241.9307 34.37746770784939
0 332.6224 889.949 153.0 155.0 0.0
0 339.3589 635.1888 138.8409 155.5735 25.210142985756224
0 582.9474 623.249 173.2751 315.2054 -22.918329405326745
0 816.5453 231.1412 102.9496 144.6179 -12.032131297841147
0 1098.3724 180.3499 139.3 152.6019 0.0
0 1401.431 309.3643 138.7093 252.0034 32.0856365273261
0 1496.7516 491.9827 210.4137 237.1522 72.81124854598141
0 1417.1224 556.449 178.0 196.0 -90.0
0 1626.0949 702.7366 141.7539 226.2152 72.81124854598141
0 1564.07 921.5481 188.0928 439.6871 73.87122046697351
0 1110.3724 414.574 268.5 371.75 0.0
