0 617.3875 1010.2948 228.6598 325.5129 36.714907452739624
0 324.4318 933.6421 148.6545 149.7901 -1.6732648210255547
0 340.0446 648.8317 139.5065 151.2171 25.210142985756224
0 580.9709 617.9045 215.3202 292.1066 -22.918329405326745
0 965.8961 1475.8961 315.3067 518.8781 11.459155902616464
0 1686.2893 889.3614 216.3383 434.635 85.65719037205808
0 1517.4427 796.4428 181.7963 309.3964 84.2704044485979
0 1415.9493 557.4494 175.996 221.5364 84.2704044485979
0 1430.4252 430.5893 134.4886 167.4504 71.09237516058897
0 1012.9583 215.6118 97.5565 222.0087 -0.6185839595915752
0 1121.896 424.981 172.8934 443.9366 5.729577951308232
