0 576.7879 1034.592 251.7898 310.0472 4.0563131302826605
0 333.0253 930.3937 151.4441 153.7954 88.32673517897445
0 348.0646 621.3449 129.2862 163.1925 19.48056503444799
0 598.4776 602.6552 182.282 296.8639 -22.918329405326745
0 1229.1979 197.8773 129.078 161.8921 11.459155902616464
0 1309.7484 1421.7125 384.851 481.0948 -73.4909274066278
0 1500.0757 808.9181 184.0191 370.7386 84.2704044485979
0 1418.8577 550.2361 178.994 205.0774 84.2704044485979
0 1474.0486 477.2779 136.9391 237.7224 88.28110901451367
0 956.1154 247.1196 147.2418 194.6345 -2.9104151401148783
0 1365.2724 1055.7842 334.6817 441.1592 -81.72671749755443
