0 580.8838 1030.9617 244.6909 308.0557 4.0563131302826605
0 327.4318 931.6421 142.5402 153.6132 -1.6732648210255547
0 354.5005 619.5079 118.3764 183.022 19.48056503444799
0 597.72 606.7112 186.8365 303.7455 -22.918329405326745
0 1270.5012 204.2256 138.8709 153.3645 11.459155902616464
0 1500.2594 1339.1177 243.8546 500.7322 -44.20900255399488
0 1523.9596 798.2561 177.7826 345.4951 84.2704044485979
0 1418.8577 550.2361 178.994 205.0774 84.2704044485979
0 1477.5564 480.628 130.0315 244.534 88.28110901451367
0 926.0623 222.9176 136.6408 233.1411 -2.9104151401148783
0 1623.2402 1074.3323 280.2444 467.8562 89.47265076923611
