0 580.8831 1039.6601 244.843 292.6742 4.0563131302826605
0 327.4318 931.6421 142.5402 153.6132 -1.6732648210255547
0 346.84 634.2387 132.0275 175.5336 25.210142985756224
0 582.6784 616.9372 173.5899 297.12 -22.918329405326745
0 1123.5397 618.4896 314.3247 532.0521 18.334649444186343
0 1534.0257 1340.0406 263.365 495.4535 -50.511538300433955
0 1532.2527 790.4895 179.2832 347.1013 84.2704044485979
0 1416.8577 552.2361 178.994 205.0774 84.2704044485979
0 1392.1286 405.4482 154.3863 156.186 -24.637202790719243
0 1121.1039 220.4291 122.9602 233.7711 2.8191628111933653
0 1637.9463 1012.2065 238.4599 460.6401 87.18081958871284
