0 600.4733 949.4116 278.7117 279.7495 34.37746770784939
0 324.7925 1021.3351 165.4009 235.1373 53.94926747112507
0 369.8852 606.8971 135.0663 154.2896 -64.78985701424378
0 600.9933 602.1746 170.2119 302.1452 -17.188751454018586
0 1678.7338 998.0429 170.6125 340.6988 45.125717426110356
0 1496.333 1348.0469 218.8056 454.0715 -60.73354388396109
0 1096.8387 160.278 117.8271 120.3969 -2.0855839743700244
0 1668.5206 730.8245 179.3672 374.2833 69.37350177519647
0 1415.4825 541.1458 181.3937 212.7203 -90.0
0 1598.9829 655.6229 142.9411 329.2093 29.931087158390596
0 819.713 210.2728 151.3706 182.9709 -14.232061171899943
0 1082.3406 409.9726 199.0888 432.757 1.1459155902616465
