0 963.409 1211.463 346.0909 349.72 42.01694317344671
0 321.49 991.2813 142.0059 210.9579 65.40842337374147
0 348.209 649.7554 145.1655 156.759 19.48056503444799
0 594.8483 614.3494 172.819 316.3594 -17.188751454018586
0 656.5652 1402.3498 224.5657 464.8945 45.83662361046586
0 1284.896 277.896 197.0248 224.4072 -2.2918487806171015
0 1538.5368 799.5155 180.0991 339.1024 84.2704044485979
0 1420.6683 557.5873 173.5574 209.6472 84.2704044485979
0 1432.4252 433.5893 134.4886 167.4504 71.09237516058897
0 914.2124 212.4886 118.8422 212.3857 -4.056330730376516
0 1102.7853 416.7704 174.1147 428.7153 -1.7600093883629597e-05
