0 573.5338 1046.7263 250.2365 300.0064 4.0563131302826605
0 327.4318 931.6421 142.5402 153.6132 -1.6732648210255547
0 346.84 634.2387 132.0275 175.5336 25.210142985756224
0 582.8596 618.1271 174.1829 299.453 -22.918329405326745
0 853.9171 906.3845 327.6084 401.0341 -50.46591213597321
0 1533.9757 1338.5372 263.1664 495.4876 -50.511538300433955
0 1534.8487 795.1409 169.5086 351.3386 84.2704044485979
0 1416.8577 552.2361 178.994 205.0774 84.2704044485979
0 1427.691 437.0801 123.9794 158.0706 71.09237516058897
0 1123.2039 200.3291 123.1396 193.5312 2.8191628111933653
0 1370.0425 1042.5272 388.5326 562.6545 -81.12562747468269
