0 675.86 1052.3509 336.1205 440.5429 -85.41633763895341
0 311.74 989.8092 143.8984 190.2981 88.32673517897445
0 395.1493 526.3494 198.4098 278.8715 30.939720937064454
0 597.8012 609.3241 180.5366 313.919 -17.188751454018586
0 742.1635 1438.4363 306.8953 522.9614 25.210142985756224
0 1167.9821 187.5783 133.878 161.8054 6.875493541569878
0 1590.0695 935.4568 228.531 407.6504 80.83265767781302
0 1414.4825 549.1458 181.3937 212.7203 -90.0
0 1415.7221 414.9961 139.9415 174.0869 -24.637202790719243
0 884.5418 199.544 130.06 187.2485 -2.9104151401148783
0 1068.7494 397.8494 216.0 413.0 0.0
