0 601.6316 928.8319 256.4094 281.3426 -55.62253229215061
0 308.5759 958.2174 167.0956 175.7745 88.32673517897445
0 376.083 589.7245 139.8004 153.6283 25.210142985756224
0 580.4965 611.5851 198.4151 296.7805 -17.188751454018586
0 998.4524 315.7445 143.9031 272.7565 -3.437764370878824
0 1187.9918 191.4801 126.8392 159.4906 5.729577951308232
0 1359.5592 279.2063 147.107 231.7536 20.626480624709636
0 1415.4207 358.0908 173.6678 244.4473 20.917658900069625
0 1412.4825 553.1458 181.3937 212.7203 -90.0
0 1603.3912 534.7517 171.1312 292.4428 50.6295885779482
0 941.9317 188.353 109.5091 152.0668 -8.639993091423094
0 1137.7908 469.1395 249.4001 425.139 5.40218986717048
