0 592.2449 992.302 240.587 310.2285 58.44169510334397
0 315.134 1025.9021 112.8387 201.4908 45.35490054416269
0 358.0073 612.2629 163.0829 166.4816 -63.19829485092937
0 597.4821 601.0282 170.2388 294.7124 -17.188751454018586
0 1632.1956 1208.2865 166.4447 325.4773 -53.88990679580053
0 1503.7107 1333.6447 197.1385 446.9674 -53.15778132518233
0 963.7814 355.878 185.4665 420.3705 -8.626240980465468
0 1706.5121 857.8905 154.9103 344.2426 -86.18026226720134
0 1413.8633 545.9596 171.7661 209.4819 -90.0
0 1591.9391 769.5263 188.1294 450.9526 68.63501647305242
0 810.8771 209.4911 132.3377 185.051 -20.09914899403958
0 1137.8618 421.5513 195.8255 440.3238 3.437746770784939
