0 603.7664 1048.6047 227.5994 342.1189 32.70420288682379
0 322.4825 924.0267 154.2812 159.1891 -1.6732648210255547
0 337.5346 652.5034 138.0924 159.9992 25.210142985756224
0 604.6804 607.4335 163.7737 314.6883 -17.188751454018586
0 1096.7471 1473.8646 306.2491 495.148 -11.459173502710257
0 1318.1615 265.6054 145.9873 244.667 12.605071492878112
0 1541.8805 795.8677 181.0683 341.706 84.2704044485979
0 1415.9493 557.4494 175.996 221.5364 84.2704044485979
0 1434.4252 430.5893 134.4886 167.4504 71.09237516058897
0 967.5121 220.2 131.3387 242.1449 -2.9104151401148783
0 1125.296 425.981 171.0933 437.9366 -1.7600093883629597e-05
