0 598.7802 1066.2998 200.1773 394.1061 34.37746770784939
0 326.1224 882.449 140.0 168.0 0.0
0 380.5855 588.4736 127.9156 151.3728 19.48056503444799
0 581.3914 635.2553 182.6315 316.2065 -22.918329405326745
0 942.6224 274.949 129.0 129.0 0.0
0 1179.5357 194.141 126.9458 168.9013 5.729577951308232
0 1372.6678 296.3516 160.6955 270.5387 20.626480624709636
0 1482.3225 479.549 193.5937 223.156 72.81124854598141
0 1417.1224 556.449 178.0 196.0 -90.0
0 1621.5631 727.0688 154.9678 218.2567 78.54082649728974
0 1568.8499 1009.0005 209.7437 466.1437 83.69744665346707
0 1090.6224 439.949 245.0 321.0 0.0
