0 578.4494 1040.9494 241.2473 287.786 4.0563131302826605
0 327.4318 931.6421 142.5402 153.6132 -1.6732648210255547
0 342.966 632.7565 132.2114 184.0287 20.626480624709636
0 580.2596 617.7271 202.2373 298.0145 -22.918329405326745
0 1093.9862 247.3971 139.7601 278.7487 -1.1459331903554926
0 1530.0656 1344.1143 210.3907 499.5898 -50.511538300433955
0 1526.7688 797.3281 192.4305 334.8229 84.2704044485979
0 1418.4577 557.0361 178.994 205.0774 84.2704044485979
0 1438.0866 426.6644 138.1979 179.1521 65.36279720928076
0 883.6789 237.5823 134.585 236.197 -13.2236554524697
0 1799.2438 1200.7865 129.4952 272.7899 -71.04678419631591
