0 603.91 929.2955 274.1973 285.627 -55.62253229215061
0 324.8825 1021.5031 165.454 235.6181 53.94926747112507
0 371.8995 603.0642 121.7999 150.9145 -57.9143634726739
0 600.2316 598.8528 162.6951 292.8658 -17.188751454018586
0 1694.4755 996.014 167.9726 321.6091 60.82476101269492
0 1492.7538 1349.9214 224.1756 454.3008 -63.02537506448442
0 1129.5996 177.1047 115.2108 156.1943 3.437746770784939
0 1677.4736 733.2304 202.8287 365.5044 77.96786870215885
0 1414.5825 544.7458 181.3937 212.7203 -90.0
0 1593.226 660.8451 126.6006 303.4203 28.120540525777244
0 822.0166 206.6049 152.4633 182.4816 -12.077739862208034
0 1085.0303 406.7314 207.362 429.8577 -1.7600093883629597e-05
