0 578.4494 1040.9494 241.2473 287.786 4.0563131302826605
0 327.4318 931.6421 142.5402 153.6132 -1.6732648210255547
0 348.566 630.3565 132.2114 184.0287 25.210142985756224
0 579.8596 616.1271 174.1829 299.453 -22.918329405326745
0 1060.0341 293.2235 175.3314 326.7582 -3.437764370878824
0 1549.2656 1333.1143 233.2914 510.1671 -50.511538300433955
0 1539.5548 789.8686 180.139 361.7566 84.2704044485979
0 1416.8577 552.2361 178.994 205.0774 84.2704044485979
0 1416.3975 416.879 117.506 147.8812 65.36279720928076
0 955.6667 239.5246 123.9101 259.9534 -6.348161910899819
0 1785.5445 1157.9126 162.5893 301.8673 -82.50594009893234
