0 616.5649 1006.0808 298.9785 325.0948 9.785891081590876
0 324.4318 933.6421 148.6545 149.7901 -1.6732648210255547
0 341.84 636.2387 132.0275 175.5336 25.210142985756224
0 578.7231 621.3066 190.2962 302.0885 -22.918329405326745
0 970.0756 1490.8885 274.1772 524.5267 3.437746770784939
0 1491.8326 1362.0929 233.7421 500.2881 -33.32280444650925
0 1534.2631 791.5718 182.6981 350.886 84.2704044485979
0 1415.128 558.0281 176.9836 219.7864 84.2704044485979
0 1430.4252 430.5893 134.4886 167.4504 71.09237516058897
0 1122.7597 195.9671 127.3314 183.401 6.256909581978277
0 1121.5452 426.5204 163.7859 446.3365 5.729577951308232
