0 581.9708 1035.3177 241.3473 310.7617 4.0563131302826605
0 329.3099 929.1413 146.4409 148.3457 -1.6732648210255547
0 340.9708 645.3176 132.1722 149.5736 19.48056503444799
0 600.9776 600.6552 176.119 295.1267 -22.918329405326745
0 1198.4092 222.9315 90.0245 119.9282 5.729577951308232
0 1283.7778 316.34 199.7941 213.1366 -2.2918487806171015
0 1496.5757 809.418 193.0739 370.6422 84.2704044485979
0 1418.8577 550.2361 178.994 205.0774 84.2704044485979
0 1406.5983 414.5519 137.3016 167.9501 -18.907624839411028
0 974.7245 246.211 115.7995 199.2611 -2.9104151401148783
