0 622.4915 1001.0254 228.5289 309.0237 37.746231483975066
0 324.4318 933.6421 148.6545 149.7901 -1.6732648210255547
0 340.0446 648.8317 139.5065 151.2171 25.210142985756224
0 581.3917 616.3729 210.0158 290.2689 -22.918329405326745
0 967.4572 1476.9722 308.666 517.6226 10.771606548459477
0 1681.5257 956.7673 222.3236 444.3359 86.40203550572814
0 1516.0781 795.8425 182.1157 311.0272 84.2704044485979
0 1415.9493 557.4494 175.996 221.5364 84.2704044485979
0 1430.4252 430.5893 134.4886 167.4504 71.09237516058897
0 1031.286 212.5243 96.6948 214.5322 1.4440641028793948
0 1122.796 424.981 172.8934 443.9366 5.729577951308232
