0 581.9708 1035.3177 241.3473 310.7617 4.0563131302826605
0 334.1413 928.9057 148.5345 156.1134 88.32673517897445
0 348.0646 621.3449 129.2862 163.1925 19.48056503444799
0 598.4776 602.6552 182.282 296.8639 -22.918329405326745
0 1236.8838 199.0385 133.5433 160.9078 11.459155902616464
0 1535.2156 1364.1862 277.2654 445.2719 -71.13801892514358
0 1499.2169 808.0048 186.0081 369.212 84.2704044485979
0 1418.8577 550.2361 178.994 205.0774 84.2704044485979
0 1467.6515 472.3276 147.219 225.2309 88.28110901451367
0 974.9794 245.0416 122.1625 194.4391 -2.9104151401148783
0 1280.9667 1190.4401 341.5188 385.3523 -51.566219161867934
