0 581.9708 1035.3177 241.3473 310.7617 4.0563131302826605
0 334.1413 928.9057 148.5345 156.1134 88.32673517897445
0 348.0646 621.3449 129.2862 163.1925 19.48056503444799
0 598.4776 602.6552 182.282 296.8639 -22.918329405326745
0 1262.7901 203.4569 142.8496 157.4263 11.459155902616464
0 1654.5004 1211.4436 264.2321 393.9068 -81.45125923749839
0 1497.3857 804.3825 193.582 366.2911 84.2704044485979
0 1418.8577 550.2361 178.994 205.0774 84.2704044485979
0 1472.3861 472.647 145.2662 234.3767 85.9892778339904
0 974.7245 246.211 115.7995 199.2611 -2.9104151401148783
0 1318.9514 1214.8898 317.2018 446.8301 -53.85805034239121
