0 598.7101 937.7644 260.5193 268.4058 -55.62253229215061
0 309.7224 904.049 155.2 168.8 0.0
0 382.8447 576.7134 141.6057 182.8275 25.210142985756224
0 585.9225 608.949 168.262 289.0967 -22.918329405326745
0 969.9943 238.9554 110.4974 182.69 -5.729595551402099
0 1135.6224 195.0999 135.0 185.3019 0.0
0 1401.431 309.3643 138.7093 252.0034 32.0856365273261
0 1493.1516 490.7827 205.9932 230.983 72.81124854598141
0 1411.6224 554.649 178.4 207.0 -90.0
0 1623.9808 714.7931 154.0487 221.7102 72.81124854598141
0 1083.5678 699.2199 343.9923 446.075 -7.494077501161456
0 1099.8224 436.849 258.6 304.8 0.0
