0 1475.9009 1358.9711 210.7277 478.3414 -44.163376389534136
0 317.49 992.2813 142.0059 210.9579 65.40842337374147
0 335.4494 641.2493 140.8954 143.4235 -70.51943496555201
0 601.8483 609.3494 172.819 316.3594 -17.188751454018586
0 691.0035 1411.013 241.3158 509.8797 40.10704565915762
0 1359.9675 281.296 153.5201 254.3273 12.605071492878112
0 1530.9494 802.4494 170.4317 354.7873 84.2704044485979
0 1425.6328 551.8236 180.7453 204.4326 84.2704044485979
0 1429.7176 431.0745 141.0015 159.3724 71.09237516058897
0 841.0294 205.6337 134.3661 174.3956 -8.639993091423094
0 1035.8652 399.434 221.6209 417.2404 -5.729595551402099
