0 581.9708 1035.3177 241.3473 310.7617 4.0563131302826605
0 334.1413 928.9057 148.5345 156.1134 88.32673517897445
0 348.0646 621.3449 129.2862 163.1925 19.48056503444799
0 598.4776 602.6552 182.282 296.8639 -22.918329405326745
0 1201.9461 216.9615 115.4652 116.7311 5.729577951308232
0 1550.8016 395.3961 148.9306 210.1144 44.181405836112425
0 1496.909 808.8624 193.0739 370.6422 84.2704044485979
0 1418.8577 550.2361 178.994 205.0774 84.2704044485979
0 1409.7918 427.2666 125.5912 161.0247 -18.271011433241142
0 974.7245 246.211 115.7995 199.2611 -2.9104151401148783
0 1817.9665 1243.5382 76.6363 234.2446 -69.39156642196252
