0 583.1338 1034.2263 251.3628 301.0888 4.0563131302826605
0 324.4318 933.6421 148.6545 149.7901 -1.6732648210255547
0 341.84 636.2387 132.0275 175.5336 25.210142985756224
0 576.5546 620.0404 187.2877 298.067 -22.918329405326745
0 937.18 1469.0166 279.5029 512.4994 11.459155902616464
0 1540.7317 1335.9827 211.3914 512.012 -50.511538300433955
0 1531.6709 795.0752 176.2439 345.0279 84.2704044485979
0 1413.896 558.8961 178.4649 217.1615 84.2704044485979
0 1430.4252 430.5893 134.4886 167.4504 71.09237516058897
0 1121.4597 195.0671 127.3314 183.401 3.39212060632417
0 1159.1452 438.8204 163.7859 446.3365 10.886198107485642
