0 595.0689 992.4912 249.4531 264.4941 34.37746770784939
0 332.6224 889.949 153.0 155.0 0.0
0 335.5114 635.4764 145.129 164.4173 25.210142985756224
0 594.5474 613.4405 188.5019 321.1211 -22.918329405326745
0 873.5677 218.8348 90.6143 150.4109 -8.938159204134706
0 1103.4624 185.3799 135.24 169.7019 0.0
0 1401.431 309.3643 138.7093 252.0034 32.0856365273261
0 1496.7516 491.9827 210.4137 237.1522 72.81124854598141
0 1417.1224 556.449 178.0 196.0 -90.0
0 1627.2221 703.6174 164.8763 232.826 72.81124854598141
0 1530.3181 1018.5439 223.118 499.7544 87.93733433743523
0 1110.6224 413.949 269.0 373.0 0.0
