0 1462.9009 1366.6211 224.6686 468.008 -44.163376389534136
0 317.9622 992.0917 141.9795 210.7048 64.83546557861067
0 311.4725 651.8673 174.4729 222.2859 -80.83267527790683
0 601.8483 609.3494 172.819 316.3594 -17.188751454018586
0 791.2394 1458.1002 311.9873 495.8744 12.032113697747286
0 1335.7595 302.2321 147.8369 213.6391 13.750987083139757
0 1513.2281 803.4826 231.9567 360.2064 78.54082649728974
0 1430.9531 552.168 179.5816 200.9732 83.12448885833629
0 1433.1456 433.4321 147.684 164.3305 71.09237516058897
0 864.1584 233.0832 141.7575 219.6274 -13.2236554524697
0 1078.6494 401.7494 239.0 416.0 0.0
