0 574.4028 949.3229 267.3794 334.9732 -55.62253229215061
0 308.8224 897.749 150.6 163.4 -90.0
0 385.9225 593.049 139.3199 140.7479 -64.78985701424378
0 582.1224 623.949 172.1806 314.7996 -22.918329405326745
0 849.121 236.1095 120.8332 145.1538 -9.625708558291649
0 1094.0807 192.0999 124.0834 187.3019 0.0
0 1401.431 309.3643 138.7093 252.0034 32.0856365273261
0 1495.5516 492.1827 210.0866 234.7412 72.81124854598141
0 1417.1224 556.449 178.0 196.0 -90.0
0 1626.0048 702.707 140.0701 225.7099 72.81124854598141
0 1565.1224 879.949 207.2353 443.0424 68.8005439800657
0 1108.2224 420.949 267.4 358.2 0.0
