0 581.9708 1035.3177 241.3473 310.7617 4.0563131302826605
0 333.9399 895.3409 173.62 215.168 -1.6732648210255547
0 340.9708 648.3176 132.1722 149.5736 19.48056503444799
0 601.309 600.5608 175.435 295.2109 -22.918329405326745
0 1209.4844 222.4822 111.9745 123.0337 5.729577951308232
0 1332.2032 296.4009 200.7176 220.1146 3.437746770784939
0 1487.7519 810.9193 194.2997 352.783 84.2704044485979
0 1418.8577 550.2361 178.994 205.0774 84.2704044485979
0 1417.5671 404.5158 157.5061 168.731 71.09237516058897
0 974.7245 246.211 115.7995 199.2611 -2.9104151401148783
