0 601.6316 928.8319 256.4094 281.3426 -55.62253229215061
0 512.4218 1263.8143 233.7565 457.6324 75.67603752163552
0 360.0888 616.199 146.9805 170.7219 -70.51943496555201
0 580.1224 608.449 188.5548 263.4902 -17.188751454018586
0 871.1561 222.1007 107.9846 129.7569 -9.167342322186983
0 1132.3724 171.3999 133.1019 134.9 -90.0
0 1364.4005 281.675 159.566 243.6628 14.896902673401405
0 1433.592 424.5239 148.6882 188.2171 61.35209264336498
0 1413.5724 552.549 174.2 203.1 -90.0
0 1618.2185 718.7089 158.1248 208.386 72.81124854598141
0 978.1224 212.549 139.3607 220.2081 -4.629288525507349
0 1092.0224 399.9392 235.8 417.0195 0.0
