0 589.3121 980.9133 251.4391 308.5391 34.37746770784939
0 324.3881 1024.7794 159.6985 226.2545 48.219689519816825
0 304.9098 657.7716 182.5837 211.3986 -63.22722921958348
0 579.8012 609.8241 215.2242 304.2356 -17.188751454018586
0 1760.9428 1136.1611 124.9687 269.6118 -81.6725729859146
0 1517.8962 1307.3839 238.118 454.531 -66.6714492895789
0 811.2045 483.7993 328.9021 465.9642 -25.21016058585002
0 1575.525 792.9695 223.3954 439.9245 61.35209264336498
0 1411.8461 542.6003 181.3937 212.7203 -90.0
0 1622.9459 565.7715 156.291 273.8114 41.40273354094097
0 818.0598 210.4116 131.9578 190.8434 -18.015645267825846
0 1149.1766 420.8254 197.1819 449.3389 -1.7600093883629597e-05
