0 612.9797 935.882 265.4599 270.6632 -55.62253229215061
0 320.992 1022.8011 178.3732 240.7857 53.94926747112507
0 365.0158 611.7544 165.7835 179.1923 25.210142985756224
0 600.9933 602.1746 170.2119 302.1452 -17.188751454018586
0 1703.0742 1136.5268 157.702 267.9685 -80.21410891840912
0 1320.1318 1424.7986 277.0273 506.818 -25.21016058585002
0 1338.9339 269.1817 121.9019 264.9029 18.334649444186343
0 1659.1473 814.1871 175.2535 300.2215 -65.93577260450543
0 1412.4825 553.1458 181.3937 212.7203 -90.0
0 1577.0776 806.9637 193.0816 476.0868 71.09237516058897
0 814.4385 206.4233 157.1974 204.4613 -14.369571042731309
0 1361.757 1072.9045 279.0486 429.7392 76.24899531676641
