0 598.7802 1066.2998 200.1773 394.1061 34.37746770784939
0 309.2133 902.1308 148.6364 165.8181 -90.0
0 389.1225 591.449 139.3199 140.7479 -64.78985701424378
0 579.8534 630.5505 187.7267 325.8711 -22.918329405326745
0 920.577 262.0399 117.5866 157.5694 -16.667875522465124
0 1090.288 196.4235 116.498 178.6548 0.0
0 1401.431 309.3643 138.7093 252.0034 32.0856365273261
0 1497.5858 489.0447 205.2931 240.4825 72.81124854598141
0 1417.1224 556.449 178.0 196.0 -90.0
0 1617.5048 707.4343 136.0617 206.6752 72.81124854598141
0 1565.1224 879.949 207.2353 443.0424 68.8005439800657
0 1102.6224 438.949 269.0 319.0 0.0
