0 601.6316 928.8319 256.4094 281.3426 -55.62253229215061
0 1092.4205 762.87 379.6427 474.8547 8.639975491329267
0 368.1416 598.8995 137.3508 150.9761 25.210142985756224
0 566.3327 606.6495 210.0175 260.5004 -17.188751454018586
0 866.3561 221.7007 107.9846 129.7569 -9.167342322186983
0 1137.7033 177.7142 124.4383 147.3305 0.0
0 1370.1561 275.3806 137.8733 217.4152 14.896902673401405
0 1435.692 430.6958 148.0649 173.0288 61.35209264336498
0 1407.6224 550.449 170.0 215.0 -90.0
0 1618.8185 718.3089 157.7152 209.7688 72.81124854598141
0 953.9867 204.7578 105.3257 219.4917 -7.494077501161456
0 1099.7704 406.9225 235.608 396.9825 1.1459155902616465
