0 601.6316 928.8319 256.4094 281.3426 -55.62253229215061
0 310.0301 908.9551 154.0188 154.3094 5.729577951308232
0 370.8882 595.3903 163.7767 168.1244 19.48056503444799
0 600.4381 603.7422 151.6846 245.1905 -17.188751454018586
0 901.9367 227.2416 109.5695 149.0166 -3.437764370878824
0 1122.1224 161.0999 117.3019 120.0 -90.0
0 1374.9341 296.0876 162.507 222.2789 20.626480624709636
0 1460.6756 455.3915 164.6059 198.3993 72.81124854598141
0 1416.1224 553.449 176.0 198.0 -90.0
0 1618.2185 718.7089 158.1248 208.386 72.81124854598141
0 1087.3347 482.9158 271.2929 476.9868 -0.0456261644607423
0 1124.1224 304.449 186.0 240.0 0.0
