0 598.3101 949.1644 256.019 264.3577 -55.62253229215061
0 312.1224 904.449 160.0 168.0 0.0
0 385.2447 578.3134 141.6057 182.8275 25.210142985756224
0 578.1225 614.949 178.0659 292.7687 -22.918329405326745
0 970.7943 238.9554 110.4974 182.69 -3.437764370878824
0 1135.6224 195.0999 135.0 185.3019 0.0
0 1401.431 309.3643 138.7093 252.0034 32.0856365273261
0 1496.7516 491.9827 210.4137 237.1522 72.81124854598141
0 1408.6224 555.449 180.0 213.0 -90.0
0 1623.9808 714.7931 154.0487 221.7102 72.81124854598141
0 1046.8557 734.0192 360.6841 423.6255 -14.369571042731309
0 1104.6224 442.449 257.0 316.0 0.0
