0 601.6316 928.8319 256.4094 281.3426 -55.62253229215061
0 320.992 1022.8011 178.3732 240.7857 53.94926747112507
0 362.0656 618.6673 166.3341 194.2145 25.210142985756224
0 600.9933 602.1746 170.2119 302.1452 -17.188751454018586
0 1690.2557 1092.2566 164.9354 335.5131 -83.65185568919406
0 1472.1525 1368.5716 237.56 496.5678 -40.10706325925145
0 1291.6651 228.3308 160.8863 229.8487 14.896902673401405
0 1655.7413 809.2281 160.6452 284.8819 -55.62253229215061
0 1412.4825 553.1458 181.3937 212.7203 -90.0
0 1577.0776 806.9637 193.0816 476.0868 71.09237516058897
0 823.0782 199.917 163.4084 193.5665 -14.369571042731309
0 1127.6794 706.6194 368.2766 481.8336 -5.729595551402099
