0 1451.1476 1377.4178 250.1234 473.1084 -44.163376389534136
0 317.49 992.2813 142.0059 210.9579 65.40842337374147
0 332.4281 640.228 146.8631 157.4317 19.48056503444799
0 601.8483 609.3494 172.819 316.3594 -17.188751454018586
0 691.5368 1409.9419 273.6381 529.2122 45.83662361046586
0 1306.4586 274.863 188.185 244.6264 4.583662361046586
0 1534.896 803.3961 173.1036 347.1225 84.2704044485979
0 1425.6328 551.8236 180.7453 204.4326 84.2704044485979
0 1429.7176 431.0745 141.0015 159.3724 71.09237516058897
0 830.8645 210.0834 156.2574 166.6109 -8.639993091423094
0 1052.4119 399.6807 237.745 415.736 -8.021426731925374
