0 579.6178 951.7136 273.7762 329.1673 -55.62253229215061
0 307.4224 897.899 150.9 160.6 -90.0
0 386.3225 592.849 139.3199 140.7479 -64.78985701424378
0 582.1224 623.949 172.1806 314.7996 -22.918329405326745
0 850.4412 236.1558 121.3806 145.782 -9.854891676343982
0 1094.0807 192.0999 124.0834 187.3019 0.0
0 1401.431 309.3643 138.7093 252.0034 32.0856365273261
0 1494.9516 492.2827 209.923 233.5357 72.81124854598141
0 1417.1224 556.449 178.0 196.0 -90.0
0 1626.0048 702.707 140.0701 225.7099 72.81124854598141
0 1565.1224 879.949 207.2353 443.0424 68.8005439800657
0 1107.5224 423.199 267.6 353.3 0.0
