0 1376.5095 1319.7944 294.6559 486.4607 -45.53847509784811
0 311.74 989.8092 143.8984 190.2981 88.32673517897445
0 506.5785 431.485 228.3553 356.0358 38.502763832791324
0 597.8012 609.3241 180.5366 313.919 -17.188751454018586
0 743.5764 1441.635 314.3977 516.582 22.91831180523293
0 1323.8393 245.287 133.5956 201.2201 14.725015334862157
0 1637.5716 954.0542 197.7205 442.6773 80.43158722122138
0 1414.4825 549.1458 181.3937 212.7203 -90.0
0 1442.9082 429.3608 127.5844 177.3874 65.36279720928076
0 854.4018 206.264 130.06 187.2485 -14.025796365652837
0 1073.4694 395.9144 200.48 413.97 0.0
