0 1471.9009 1365.9711 210.7277 478.3414 -44.163376389534136
0 317.49 992.2813 142.0059 210.9579 65.40842337374147
0 334.4248 699.3252 155.4237 178.8129 8.021409131831525
0 601.8483 609.3494 172.819 316.3594 -17.188751454018586
0 691.0035 1401.013 241.3158 509.8797 45.83662361046586
0 1334.6827 304.6209 147.8117 216.6232 14.896902673401405
0 1504.1773 807.2239 210.4076 412.6112 84.2704044485979
0 1425.6328 551.8236 180.7453 204.4326 84.2704044485979
0 1433.1456 433.4321 147.684 164.3305 71.09237516058897
0 846.3994 201.6602 126.6386 185.7101 -8.639993091423094
0 1049.4494 392.9494 239.0 416.0 0.0
