0 578.4494 1040.9494 241.2473 287.786 4.0563131302826605
0 327.4318 931.6421 142.5402 153.6132 -1.6732648210255547
0 345.566 627.3565 132.2114 184.0287 19.48056503444799
0 580.3596 618.1271 209.2509 297.6549 -22.918329405326745
0 1183.3585 196.3865 116.9344 173.4146 5.729577951308232
0 1530.338 1351.4628 206.9887 510.6234 -50.511538300433955
0 1519.1949 794.7307 185.7495 336.7174 84.2704044485979
0 1418.8577 550.2361 178.994 205.0774 84.2704044485979
0 1442.4046 428.5734 145.2684 185.4101 65.36279720928076
0 873.0623 236.9176 136.6408 233.1411 -8.639993091423094
0 1786.13 1169.605 197.7471 281.3428 -80.21410891840912
