0 578.4494 1040.9494 241.2473 287.786 4.0563131302826605
0 327.4318 931.6421 142.5402 153.6132 -1.6732648210255547
0 345.566 627.3565 132.2114 184.0287 19.48056503444799
0 580.2201 614.2867 221.2822 301.351 -22.918329405326745
0 1257.1373 216.322 127.6428 162.6565 14.896902673401405
0 1541.538 1342.6628 206.9887 510.6234 -50.511538300433955
0 1519.1949 794.7307 185.7495 336.7174 84.2704044485979
0 1418.8577 550.2361 178.994 205.0774 84.2704044485979
0 1441.1814 420.1561 161.5903 190.2044 65.36279720928076
0 909.8623 224.9176 136.6408 233.1411 -4.056330730376516
0 1720.042 1119.7673 226.1452 355.3623 -80.978033546657
