0 317.9106 1029.4869 128.8959 179.6483 49.89293674074855
0 344.4802 643.3794 133.4548 146.2186 32.70420288682379
0 549.3555 544.7987 155.9501 227.5382 61.35209264336498
0 578.6304 1084.913 190.8936 259.547 34.37746770784939
0 1569.8642 799.5779 189.1269 246.9492 83.12448885833629
0 1408.3831 548.7707 180.4053 182.4165 84.2704044485979
0 1317.7326 321.9336 147.8191 152.3401 1.673247220931728
0 1189.2595 218.404 96.0457 130.4219 -6.875511141663708
0 969.6214 223.9131 115.0181 156.0 -1.7600093883629597e-05
0 1027.9353 1090.6492 304.386 414.5788 -48.747038750580714
