0 599.2101 923.5144 266.1446 273.466 -55.62253229215061
0 306.7224 903.549 149.2 169.8 0.0
0 379.8447 574.7134 141.6057 182.8275 25.210142985756224
0 595.6725 601.449 156.0072 284.5066 -22.918329405326745
0 968.9943 238.9554 110.4974 182.69 -8.59438452705615
0 1135.6224 195.0999 135.0 185.3019 0.0
0 1401.431 309.3643 138.7093 252.0034 32.0856365273261
0 1488.6516 489.2827 200.4675 223.2716 72.81124854598141
0 1415.3724 553.649 176.4 199.5 -90.0
0 1623.9808 714.7931 154.0487 221.7102 72.81124854598141
0 1129.458 655.7208 323.1276 474.1369 1.100289425800895
0 1093.8224 429.849 260.6 290.8 0.0
