0 594.7467 1035.1001 244.2216 363.4877 34.37746770784939
0 322.2077 990.9202 148.4963 203.1047 48.219689519816825
0 366.9262 570.8337 171.4314 183.5374 30.36676314193363
0 597.8012 609.3241 180.5366 313.919 -17.188751454018586
0 1183.91 1410.534 299.7082 491.8899 -24.06424499558841
0 928.9073 397.2808 198.0157 465.7018 -8.59438452705615
0 1597.0188 890.9389 230.0941 489.2197 79.11378429242052
0 1414.4825 549.1458 181.3937 212.7203 -90.0
0 1404.4427 366.7251 143.9214 235.1735 9.2129332864601
0 881.7959 188.1096 127.7002 165.7297 -8.639993091423094
0 1102.4317 418.7724 181.6765 449.7867 5.156620156177409
