0 1449.4009 1376.9711 259.5644 475.5186 -44.163376389534136
0 322.2125 990.3849 141.7415 208.427 59.678845422433284
0 350.2117 574.8164 129.1565 236.8066 -70.51943496555201
0 601.8483 609.3494 172.819 316.3594 -17.188751454018586
0 784.9494 1456.4494 294.2555 504.5778 17.188733853924695
0 1345.4506 280.733 148.0637 186.7819 3.437746770784939
0 1503.6911 811.5202 240.846 356.4373 78.54082649728974
0 1478.8357 555.2675 169.1075 169.8383 72.81124854598141
0 1433.1456 433.4321 147.684 164.3305 71.09237516058897
0 906.9118 223.6439 141.5545 222.4887 -2.9104151401148783
0 1098.4494 399.9494 239.0 416.0 0.0
