0 601.6316 928.8319 256.4094 281.3426 -55.62253229215061
0 326.6207 956.0357 159.3708 351.9332 -77.39492850712189
0 367.6882 605.3903 163.7767 168.1244 19.48056503444799
0 582.5856 603.1076 198.6102 246.799 -17.188751454018586
0 870.109 220.7156 112.9442 130.9523 -8.021426731925374
0 1121.3224 167.4999 121.6 126.9019 0.0
0 1332.3768 279.7718 125.5995 218.2709 14.896902673401405
0 1457.4446 448.576 179.5378 200.5443 72.81124854598141
0 1416.1224 553.449 176.0 198.0 -90.0
0 1618.2185 718.7089 158.1248 208.386 72.81124854598141
0 939.3672 388.5872 166.9439 420.9635 -4.056330730376516
0 1126.5224 385.049 169.2 405.2 0.0
