0 601.6316 928.8319 256.4094 281.3426 -55.62253229215061
0 389.7401 1203.502 215.4432 399.0678 88.32673517897445
0 358.699 598.3846 153.875 156.0069 -64.78985701424378
0 593.1089 605.4538 193.7896 288.5254 -17.188751454018586
0 877.2619 243.4218 121.7108 173.9879 -9.167342322186983
0 1150.985 184.9208 123.8653 148.9517 5.729577951308232
0 1357.5435 288.5 141.9332 256.0956 14.896902673401405
0 1426.6525 432.0713 157.5034 166.7002 61.35209264336498
0 1407.6224 550.449 170.0 215.0 -90.0
0 1638.1281 717.9051 153.9216 245.3833 76.82195311189724
0 954.9957 219.8122 108.4936 221.6328 -14.369571042731309
0 1095.275 416.3467 237.6949 389.7954 0.0
