0 622.2929 982.4176 327.0455 504.7068 -80.54619638034141
0 311.74 989.8092 143.8984 190.2981 88.32673517897445
0 387.5557 540.3777 197.7275 243.087 30.939720937064454
0 597.8012 609.3241 180.5366 313.919 -17.188751454018586
0 744.3138 1436.4376 299.8618 528.9421 27.072255819931396
0 1128.2573 183.7363 135.1345 167.7067 4.583662361046586
0 1596.3456 935.7667 229.6834 425.0413 82.98124940955353
0 1414.4825 549.1458 181.3937 212.7203 -90.0
0 1424.6695 411.1329 159.4282 173.6502 -24.637202790719243
0 883.0418 199.919 130.06 187.2485 -2.9104151401148783
0 1081.1369 400.3744 215.975 413.85 0.1432394487827058
