0 601.6316 928.8319 256.4094 281.3426 -55.62253229215061
0 312.445 905.4368 143.6445 149.7626 -84.27042204869177
0 372.9418 600.8242 159.2484 171.2732 -70.51943496555201
0 609.4381 603.7422 151.6846 245.1905 -17.188751454018586
0 875.2304 222.2868 100.0486 150.5087 -13.751004683233589
0 1132.9224 162.8999 117.3019 120.0 -90.0
0 1312.3768 329.7718 182.5358 206.513 14.896902673401405
0 1455.6756 454.3915 169.4718 189.437 72.81124854598141
0 1416.1224 553.449 176.0 198.0 -90.0
0 1618.2185 718.7089 158.1248 208.386 72.81124854598141
0 1096.0225 575.349 299.203 508.464 -2.9104151401148783
0 1117.3724 303.649 172.5 241.6 0.0
