0 580.8838 1030.9617 244.6909 308.0557 4.0563131302826605
0 327.4318 931.6421 142.5402 153.6132 -1.6732648210255547
0 343.5174 634.213 131.0562 186.8601 19.48056503444799
0 597.72 606.7112 186.8365 303.7455 -22.918329405326745
0 1267.3022 209.8314 133.9802 156.4085 11.459155902616464
0 1522.4811 1344.9784 222.0073 497.459 -49.36562271017232
0 1524.8838 798.9617 176.1939 347.1935 84.2704044485979
0 1418.8577 550.2361 178.994 205.0774 84.2704044485979
0 1472.3203 475.0253 136.7329 234.4026 88.28110901451367
0 926.0623 222.9176 136.6408 233.1411 -2.9104151401148783
0 1482.5623 1040.2674 235.9081 539.3421 -87.089602459979
