0 601.892 928.8849 258.4423 281.8323 -55.62253229215061
0 324.8825 1021.5031 165.454 235.6181 53.94926747112507
0 380.3146 594.7627 126.9175 164.9993 10.313240312354818
0 602.7777 595.3456 159.5353 294.5947 -17.188751454018586
0 1699.1751 1011.9954 144.5438 311.6351 74.11738185972999
0 1495.1263 1345.1799 216.2064 442.5301 -63.02537506448442
0 1151.5625 188.0354 127.5028 184.2805 3.437746770784939
0 1675.3724 754.4806 191.2361 352.5143 71.2069667196152
0 1412.7225 552.1858 181.3937 212.7203 -90.0
0 1596.0084 697.8491 175.4805 376.4525 45.88223217483278
0 831.5561 204.12 151.2656 182.4698 -8.639993091423094
0 1080.8767 401.0696 215.0549 408.814 -1.7600093883629597e-05
