0 601.6316 928.8319 256.4094 281.3426 -55.62253229215061
0 838.9494 1075.6163 360.4208 363.096 12.65068005724504
0 368.1416 598.8995 137.3508 150.9761 25.210142985756224
0 575.6557 607.7685 194.7763 260.1411 -17.188751454018586
0 878.1561 221.1007 107.9846 129.7569 -9.167342322186983
0 1198.9857 182.1113 113.0031 138.5363 11.459155902616464
0 1375.6081 272.07 155.0191 221.312 14.896902673401405
0 1439.7721 425.002 154.1461 185.6493 61.35209264336498
0 1407.6224 550.449 170.0 215.0 -90.0
0 1618.2185 718.7089 158.1248 208.386 72.81124854598141
0 982.3724 215.449 153.8929 220.4706 -2.9104151401148783
0 1100.6224 408.949 241.0 401.0 0.0
