0 562.0113 991.3434 215.0525 367.0078 84.2704044485979
0 325.0073 913.7938 163.1349 182.0378 -1.6732648210255547
0 337.5346 652.5034 138.0924 159.9992 25.210142985756224
0 587.8001 613.4368 199.5746 316.1815 -17.188751454018586
0 1071.5655 1478.5756 313.0592 497.9794 -14.896920273495255
0 1352.9493 269.9768 156.3612 248.0197 21.772396214971284
0 1540.5368 795.5155 180.0991 339.1024 84.2704044485979
0 1415.9493 557.4494 175.996 221.5364 84.2704044485979
0 1436.8252 429.3893 134.4886 167.4504 71.09237516058897
0 967.5121 220.2 131.3387 242.1449 -2.9104151401148783
0 1129.496 426.981 169.8933 433.9366 -1.7600093883629597e-05
