0 585.6308 988.4314 253.8524 291.972 34.37746770784939
0 324.3881 1024.7794 159.6985 226.2545 48.219689519816825
0 312.8259 639.9537 181.7914 209.1569 -61.14378278914927
0 579.8012 609.8241 215.2242 304.2356 -17.188751454018586
0 1749.9029 1151.7454 139.2544 274.8835 -79.79745400978999
0 1522.4417 1300.4748 238.118 454.531 -67.71320115268577
0 818.435 478.2092 319.9992 469.0519 -25.21016058585002
0 1580.1674 794.6556 233.0311 433.3655 65.17183037616365
0 1413.6643 541.873 181.3937 212.7203 -90.0
0 1630.2682 608.8803 157.5033 282.6033 51.47292515660132
0 814.9904 210.5986 129.9769 191.0759 -19.057397130932713
0 1148.8129 420.0757 196.091 448.2928 -1.7600093883629597e-05
