0 580.8838 1030.9617 244.6909 308.0557 4.0563131302826605
0 327.4318 931.6421 142.5402 153.6132 -1.6732648210255547
0 350.5758 614.918 128.8379 176.9854 19.48056503444799
0 597.72 606.7112 186.8365 303.7455 -22.918329405326745
0 1301.6012 213.9256 138.8709 153.3645 11.459155902616464
0 968.4502 1482.1451 347.5849 529.5162 29.175221387211252
0 1529.7413 792.7057 186.8815 345.9695 84.2704044485979
0 1418.8577 550.2361 178.994 205.0774 84.2704044485979
0 1473.814 477.572 136.3652 237.2359 88.28110901451367
0 926.0623 222.9176 136.6408 233.1411 -2.9104151401148783
0 1815.826 1144.3863 137.9222 276.4848 88.89969297410522
