0 590.7522 994.1534 233.8219 290.6619 41.25296124941927
0 317.846 1023.9452 106.884 218.6246 42.6128964240051
0 338.738 613.2243 172.7401 183.0998 -60.99200626921912
0 578.9982 609.9396 216.8268 303.9814 -17.188751454018586
0 1716.09 1178.1351 153.571 294.836 -78.65319999713421
0 1522.8165 1301.3425 219.1174 454.9808 -63.489642765878955
0 869.8229 450.9356 235.9131 473.7039 -21.554575261356376
0 1777.3892 704.1969 97.4697 190.2856 22.609202198634364
0 1414.7853 548.8487 183.454 206.5512 -90.0
0 1586.4486 795.8208 215.282 416.4118 70.57190029949209
0 803.2653 192.5809 128.6724 143.0353 -19.994985266884783
0 1140.9831 426.1628 191.0254 444.2299 3.437746770784939
