0 581.9708 1035.3177 241.3473 310.7617 4.0563131302826605
0 329.9374 929.7324 147.1273 147.6609 88.32673517897445
0 340.1708 648.3176 132.5954 151.9696 19.48056503444799
0 600.5051 600.9463 177.2162 295.295 -22.918329405326745
0 1198.4092 222.9315 90.0245 119.9282 5.729577951308232
0 1284.8009 314.5798 199.9811 216.6523 -3.437764370878824
0 1496.5757 809.418 193.0739 370.6422 84.2704044485979
0 1418.8577 550.2361 178.994 205.0774 84.2704044485979
0 1405.9258 414.243 136.2293 168.9704 -18.907624839411028
0 974.7245 246.211 115.7995 199.2611 -2.9104151401148783
