0 571.0267 970.9082 284.2548 478.3204 -63.07098362885131
0 319.7 947.389 148.1455 165.6978 88.32673517897445
0 337.5346 652.5034 138.0924 159.9992 25.210142985756224
0 583.8371 615.3121 208.255 316.9317 -17.188751454018586
0 893.4331 1479.7534 240.0983 501.115 3.437746770784939
0 1298.1925 271.6478 190.4268 240.7374 1.7188733853924696
0 1538.5368 799.5155 180.0991 339.1024 84.2704044485979
0 1417.5927 557.923 174.7253 218.3607 84.2704044485979
0 1432.4252 433.5893 134.4886 167.4504 71.09237516058897
0 963.0433 220.7248 130.349 241.1442 -2.9104151401148783
0 1124.696 425.981 169.8933 433.9366 -1.7600093883629597e-05
