0 601.6316 928.8319 256.4094 281.3426 -55.62253229215061
0 309.8829 1029.7052 180.2846 214.6962 53.94926747112507
0 376.083 589.7245 139.8004 153.6283 25.210142985756224
0 600.9933 602.1746 170.2119 302.1452 -17.188751454018586
0 1420.8262 1244.033 220.7235 422.8826 -72.19269978657758
0 1079.8971 256.4631 140.1799 287.4131 0.0
0 1375.7318 298.7789 138.8024 259.8297 26.35605857601787
0 1617.1621 562.4404 165.2539 301.5791 46.455189969963556
0 1412.4825 553.1458 181.3937 212.7203 -90.0
0 1572.8034 814.0069 200.7499 459.3323 65.36279720928076
0 889.354 215.3204 125.6923 213.933 -9.78590868168476
0 1681.2832 979.513 186.107 383.0669 72.81124854598141
