0 601.6316 928.8319 256.4094 281.3426 -55.62253229215061
0 748.6956 1241.3049 300.9269 437.4658 41.871527608917006
0 364.9205 605.8193 149.3779 150.6992 -67.08168819476707
0 580.1224 608.449 188.5548 263.4902 -17.188751454018586
0 871.1561 222.1007 107.9846 129.7569 -9.167342322186983
0 1177.2404 180.9067 122.6019 138.0425 6.875493541569878
0 1372.6225 270.949 161.3661 221.9436 14.896902673401405
0 1425.8521 416.1083 174.5419 178.7421 61.35209264336498
0 1407.6224 550.449 170.0 215.0 -90.0
0 1618.2185 718.7089 158.1248 208.386 72.81124854598141
0 979.8224 214.549 154.4023 220.645 -5.202246320638153
0 1097.6224 408.449 247.0 400.0 0.0
