0 580.8838 1030.9617 244.6909 308.0557 4.0563131302826605
0 327.4318 931.6421 142.5402 153.6132 -1.6732648210255547
0 342.1445 636.0512 132.6411 187.3398 19.48056503444799
0 597.72 606.7112 186.8365 303.7455 -22.918329405326745
0 1266.9649 210.5572 133.3688 156.789 11.459155902616464
0 1524.0973 1346.0633 220.0707 497.1852 -49.93858050530312
0 1524.8838 798.9617 176.1939 347.1935 84.2704044485979
0 1418.8577 550.2361 178.994 205.0774 84.2704044485979
0 1471.6658 474.3249 137.5706 233.1362 88.28110901451367
0 926.0623 222.9176 136.6408 233.1411 -2.9104151401148783
0 1466.6089 1037.1001 229.7832 546.6171 -86.51664466484817
