0 581.9708 1035.3177 241.3473 310.7617 4.0563131302826605
0 323.1852 948.6394 148.2353 157.2938 88.32673517897445
0 340.9708 648.3176 132.1722 149.5736 19.48056503444799
0 599.3081 601.418 184.4671 294.2837 -22.918329405326745
0 1209.4844 222.4822 111.9745 123.0337 5.729577951308232
0 1336.1637 315.2308 127.2568 151.7177 14.32394487827058
0 1492.099 809.3633 192.0713 361.7444 84.2704044485979
0 1419.2371 553.9556 171.5164 205.0651 84.2704044485979
0 1455.6755 408.8687 191.4273 200.5921 -60.16058608883026
0 985.1356 243.8558 124.7479 197.0022 -2.9104151401148783
