0 601.6316 928.8319 256.4094 281.3426 -55.62253229215061
0 324.1044 1021.7627 168.0379 236.6516 53.94926747112507
0 375.2142 580.3336 166.63 187.6126 25.210142985756224
0 600.9933 602.1746 170.2119 302.1452 -17.188751454018586
0 1695.3843 1036.0974 145.8163 341.6942 84.8889884081895
0 1514.9711 1314.7714 232.6582 454.1688 -63.02537506448442
0 1245.6327 199.8488 119.3718 186.5812 4.583662361046586
0 1659.8279 798.9779 183.9382 288.911 -55.62253229215061
0 1412.4825 553.1458 181.3937 212.7203 -90.0
0 1588.5424 832.3986 194.4046 471.1154 65.36279720928076
0 839.0782 197.917 163.4084 193.5665 -8.639993091423094
0 1089.0085 421.426 225.8816 431.4468 -1.7600093883629597e-05
