0 601.6316 928.8319 256.4094 281.3426 -55.62253229215061
0 316.5484 1025.5627 179.1377 230.3499 53.94926747112507
0 370.6228 600.1773 155.17 162.9579 25.210142985756224
0 600.9933 602.1746 170.2119 302.1452 -17.188751454018586
0 1614.0132 1224.7289 182.9387 359.8578 -75.63044655736246
0 1117.3239 669.8905 276.2338 536.3169 0.0
0 1366.3318 292.1789 138.8024 259.8297 20.626480624709636
0 1664.4024 658.3685 165.8397 328.9011 72.81124854598141
0 1412.4825 553.1458 181.3937 212.7203 -90.0
0 1589.0776 842.9637 193.0816 476.0868 65.36279720928076
0 814.3385 204.3233 144.8523 200.2663 -14.369571042731309
0 1685.3126 957.9459 192.1561 394.4589 67.08167059467326
