0 578.4494 1040.9494 241.2473 287.786 4.0563131302826605
0 327.4318 931.6421 142.5402 153.6132 -1.6732648210255547
0 348.0482 631.5212 132.1562 181.4802 25.210142985756224
0 582.8596 618.1271 174.1829 299.453 -22.918329405326745
0 1097.7499 498.279 268.5467 518.597 9.167324722093172
0 1534.0257 1340.0406 263.365 495.4535 -50.511538300433955
0 1532.2338 789.4794 181.2971 347.2655 84.2704044485979
0 1416.8577 552.2361 178.994 205.0774 84.2704044485979
0 1388.6156 411.0287 151.3043 171.0676 65.36279720928076
0 1083.6436 205.7839 119.4562 207.4106 -1.1915417547223797
0 1700.0931 1054.0188 196.7006 412.2521 -89.38143364050228
