0 580.6472 1037.9181 243.62 316.1367 4.0563131302826605
0 314.0789 963.8471 162.5367 165.3371 89.47265076923611
0 340.9708 648.3176 132.1722 149.5736 19.48056503444799
0 599.3081 601.418 184.4671 294.2837 -22.918329405326745
0 1209.4844 222.4822 111.9745 123.0337 5.729577951308232
0 1331.6719 313.2924 158.2974 162.6273 -69.37351937529036
0 1500.099 806.8633 188.6937 378.1636 84.2704044485979
0 1419.2371 553.9556 171.5164 205.0651 84.2704044485979
0 1717.5327 908.6866 194.1114 367.2151 85.9892778339904
0 985.7703 243.5002 126.0517 196.3563 -2.9104151401148783
