0 578.4494 1040.9494 241.2473 287.786 4.0563131302826605
0 327.4318 931.6421 142.5402 153.6132 -1.6732648210255547
0 348.566 630.3565 132.2114 184.0287 25.210142985756224
0 580.1596 616.3271 174.1829 299.453 -22.918329405326745
0 1070.2411 338.2546 198.839 375.8365 0.5729577951308232
0 1545.0416 1336.7769 244.3169 508.3057 -50.511538300433955
0 1539.8838 789.4794 179.7696 362.4891 84.2704044485979
0 1416.8577 552.2361 178.994 205.0774 84.2704044485979
0 1407.812 413.5096 130.7895 141.964 65.36279720928076
0 1017.5733 233.9809 120.0098 267.9892 -2.9104151401148783
0 1757.2337 1139.4929 179.3918 343.513 -85.94368686971734
