0 582.1 1039.0155 246.6408 295.1183 4.0563131302826605
0 327.4318 931.6421 142.5402 153.6132 -1.6732648210255547
0 346.84 634.2387 132.0275 175.5336 25.210142985756224
0 582.5879 616.3423 173.2934 295.9535 -22.918329405326745
0 1125.4726 658.2 338.3392 482.6487 34.37746770784939
0 1534.0257 1340.0406 263.365 495.4535 -50.511538300433955
0 1532.2621 790.9946 178.2762 347.0192 84.2704044485979
0 1416.8577 552.2361 178.994 205.0774 84.2704044485979
0 1395.7071 404.0243 148.2188 154.6235 -24.637202790719243
0 1121.8039 213.7291 123.02 220.3578 2.8191628111933653
0 1628.5588 1031.2369 213.0375 459.4476 89.47265076923611
