0 601.6316 928.8319 256.4094 281.3426 -55.62253229215061
0 333.3562 922.7698 197.5656 282.2262 -82.72079927210643
0 375.0869 590.1322 141.2185 153.6499 25.210142985756224
0 584.1484 608.6783 174.7632 287.6605 -17.188751454018586
0 983.0813 250.2215 141.4581 181.819 -8.164666180708082
0 1126.2168 182.0753 126.4748 158.0423 5.729577951308232
0 1380.8992 295.8974 165.8129 260.6018 20.626480624709636
0 1403.734 412.669 159.9731 160.0625 -22.202132161413203
0 1412.4825 553.1458 181.3937 212.7203 -90.0
0 1571.648 456.7457 238.5255 256.3028 -38.31657014946762
0 957.5451 205.7708 104.3732 190.3368 -8.639993091423094
0 1113.1551 413.0202 184.1096 429.1425 0.0
