0 601.6316 928.8319 256.4094 281.3426 -55.62253229215061
0 305.6175 912.666 164.3621 165.5843 5.729577951308232
0 370.8882 595.9903 163.7767 168.1244 19.48056503444799
0 602.8381 603.1422 151.6846 245.1905 -17.188751454018586
0 916.0204 229.575 117.9137 145.0423 -3.437764370878824
0 1122.1224 161.0999 117.3019 120.0 -90.0
0 1339.9768 290.7718 145.9443 200.918 14.896902673401405
0 1460.6756 455.3915 164.6059 198.3993 72.81124854598141
0 1416.1224 553.449 176.0 198.0 -90.0
0 1618.2185 718.7089 158.1248 208.386 72.81124854598141
0 1019.5207 460.5502 263.7231 475.7582 -6.348161910899819
0 1124.7224 329.849 187.2 294.8 0.0
