0 598.7802 1066.2998 200.1773 394.1061 34.37746770784939
0 326.1224 888.449 140.0 168.0 0.0
0 388.6225 596.449 135.2665 144.111 25.210142985756224
0 576.5264 637.2608 193.1553 316.1117 -22.918329405326745
0 942.6224 274.949 129.0 129.0 0.0
0 1179.5357 194.141 126.9458 168.9013 5.729577951308232
0 1401.431 309.3643 138.7093 252.0034 32.0856365273261
0 1501.8115 486.1777 208.2734 250.251 72.81124854598141
0 1417.1224 556.449 178.0 196.0 -90.0
0 1630.5902 712.4591 175.5462 247.6901 78.54082649728974
0 1582.5737 981.3948 219.0735 473.5096 82.55153106320546
0 1098.6224 439.949 261.0 321.0 0.0
