0 600.9696 998.088 240.3423 243.9084 -55.62253229215061
0 332.6224 889.949 153.0 155.0 0.0
0 341.1225 632.949 139.1528 150.0183 25.210142985756224
0 582.1224 623.949 172.1806 314.7996 -22.918329405326745
0 804.5516 234.483 112.1991 142.0064 -14.896920273495255
0 1095.3724 183.8499 137.5 162.8019 0.0
0 1401.431 309.3643 138.7093 252.0034 32.0856365273261
0 1496.7516 491.9827 210.4137 237.1522 72.81124854598141
0 1417.1224 556.449 178.0 196.0 -90.0
0 1626.0048 702.707 140.0701 225.7099 72.81124854598141
0 1566.5889 903.6298 192.6363 437.6751 71.6653329557198
0 1110.1224 415.199 268.0 370.5 0.0
