0 601.6316 915.8319 266.6618 277.8682 34.37746770784939
0 303.6224 905.149 153.0 166.6 0.0
0 361.7377 584.3004 146.8075 155.9521 21.772396214971284
0 611.8023 604.6732 153.741 247.7756 -17.188751454018586
0 939.4898 244.2094 108.8489 188.7378 -9.167342322186983
0 1132.7224 181.5999 114.0 162.3019 0.0
0 1401.431 309.3643 138.7093 252.0034 32.0856365273261
0 1459.2284 449.9111 161.8291 190.3238 72.81124854598141
0 1416.1224 553.449 176.0 198.0 -90.0
0 1623.9808 714.7931 154.0487 221.7102 72.81124854598141
0 1126.4118 644.9773 342.3821 485.0567 2.8191628111933653
0 1093.6224 394.049 206.6 352.0 0.0
