0 601.6316 928.8319 256.4094 281.3426 -55.62253229215061
0 320.992 1022.8011 178.3732 240.7857 53.94926747112507
0 366.9826 607.1458 165.4164 169.1776 25.210142985756224
0 600.9933 602.1746 170.2119 302.1452 -17.188751454018586
0 1621.4245 1245.3512 165.8738 361.0749 -75.05748876223169
0 1232.8956 1021.7493 344.8378 399.4775 -83.69746425356094
0 1356.4329 278.0803 130.3522 262.3663 20.626480624709636
0 1667.1366 739.6682 174.5946 328.7767 89.99998239990612
0 1412.4825 553.1458 181.3937 212.7203 -90.0
0 1583.0776 824.9637 193.0816 476.0868 68.22758618493486
0 811.1885 206.1733 151.0248 202.3638 -14.369571042731309
0 1680.6057 1005.2523 225.0476 423.0646 81.40561547294385
