0 600.6372 1059.9414 204.2925 381.5133 34.37746770784939
0 294.8951 913.0854 143.5455 147.2727 0.0
0 389.1225 591.449 139.3199 140.7479 -64.78985701424378
0 582.1224 623.949 172.1806 314.7996 -22.918329405326745
0 793.5914 249.4799 125.2124 150.1796 -11.459173502710257
0 1094.0807 192.0999 124.0834 187.3019 0.0
0 1401.431 309.3643 138.7093 252.0034 32.0856365273261
0 1490.7516 492.9827 208.7781 225.0971 72.81124854598141
0 1417.1224 556.449 178.0 196.0 -90.0
0 1617.5048 707.707 135.5406 206.514 72.81124854598141
0 1565.1224 879.949 207.2353 443.0424 68.8005439800657
0 1102.6224 438.949 269.0 319.0 0.0
