0 1495.5436 1336.842 253.4976 475.2019 -44.163376389534136
0 316.6847 940.5166 188.2366 190.1234 -88.23551805024061
0 698.9996 342.3783 277.0371 395.5022 60.73352628386726
0 600.2294 609.3393 175.906 315.3832 -17.188751454018586
0 746.2284 1438.2388 312.1574 508.2603 22.91831180523293
0 1270.8937 236.6687 178.6093 209.4258 11.459155902616464
0 1576.7417 920.4887 219.035 468.5 84.2704044485979
0 1414.4825 549.1458 181.3937 212.7203 -90.0
0 1411.1608 420.441 161.301 193.6799 65.36279720928076
0 848.1418 207.144 130.06 187.2485 -14.369571042731309
0 1079.9494 393.9494 200.0 414.0 0.0
