0 601.6316 928.8319 256.4094 281.3426 -55.62253229215061
0 309.2035 904.2886 144.711 150.1882 -84.27042204869177
0 371.1962 596.2054 164.9012 166.793 19.48056503444799
0 600.4381 603.7422 151.6846 245.1905 -17.188751454018586
0 891.3013 221.9015 107.7949 149.0031 -3.437764370878824
0 1122.1224 161.0999 117.3019 120.0 -90.0
0 1346.3316 288.6784 185.7874 208.613 14.896902673401405
0 1459.9256 455.2415 165.3358 197.0549 72.81124854598141
0 1416.1224 553.449 176.0 198.0 -90.0
0 1618.2185 718.7089 158.1248 208.386 72.81124854598141
0 1117.8279 501.5208 275.4794 481.7084 1.673247220931728
0 1124.1224 305.349 186.0 238.2 0.0
