0 581.9708 1035.3177 241.3473 310.7617 4.0563131302826605
0 320.2784 927.7708 159.3324 197.9342 -1.6732648210255547
0 340.9708 648.3176 132.1722 149.5736 19.48056503444799
0 599.3081 601.418 184.4671 294.2837 -22.918329405326745
0 1209.4844 222.4822 111.9745 123.0337 5.729577951308232
0 1360.6221 316.3905 122.9943 145.4845 9.740282517223996
0 1492.099 809.3633 192.0713 361.7444 84.2704044485979
0 1419.2371 553.9556 171.5164 205.0651 84.2704044485979
0 1441.9177 406.5579 181.8163 192.9872 66.50871279954248
0 983.0133 244.211 120.4726 197.4962 -2.9104151401148783
