0 1446.4009 1381.9711 259.5644 475.5186 -44.163376389534136
0 310.731 940.8544 157.7188 179.7304 -85.94368686971734
0 534.1854 447.7698 190.1403 299.8198 -41.87154520901086
0 601.8483 609.3494 172.819 316.3594 -17.188751454018586
0 790.1102 1461.925 330.8025 518.2361 17.188733853924695
0 1293.8075 225.9868 136.4224 190.0429 13.750987083139757
0 1510.9208 861.314 226.5907 365.139 76.24899531676641
0 1504.8364 571.9716 152.8231 202.8729 72.81124854598141
0 1414.9526 432.6331 141.8701 193.6422 67.65462838980409
0 910.5118 223.0439 141.5545 222.4887 -2.9104151401148783
0 1073.2494 398.1494 239.0 416.0 0.0
