0 601.3748 1071.6174 208.6578 351.4424 32.70420288682379
0 325.4318 934.0421 148.6545 149.7901 -1.6732648210255547
0 340.0446 648.8317 139.5065 151.2171 25.210142985756224
0 571.6662 623.054 233.0565 307.0223 -21.772413815065136
0 936.2255 1479.9965 321.2885 515.7278 8.021409131831525
0 1465.9103 318.637 143.1397 207.5466 19.48056503444799
0 1543.896 796.3961 182.5221 345.6115 84.2704044485979
0 1415.9493 557.4494 175.996 221.5364 84.2704044485979
0 1430.4252 430.5893 134.4886 167.4504 71.09237516058897
0 959.5121 224.2 131.3387 242.1449 -8.639993091423094
0 1121.996 424.981 172.8934 443.9366 5.729577951308232
