0 595.2329 1003.3488 256.0066 323.2278 9.785891081590876
0 324.4318 933.6421 148.6545 149.7901 -1.6732648210255547
0 341.84 636.2387 132.0275 175.5336 25.210142985756224
0 576.5546 620.0404 187.2877 298.067 -22.918329405326745
0 965.0148 1496.7973 309.6557 525.9092 0.0
0 1500.2006 1362.9609 259.0656 507.5256 -33.32280444650925
0 1534.2631 791.5718 182.6981 350.886 84.2704044485979
0 1413.896 558.8961 178.4649 217.1615 84.2704044485979
0 1430.4252 430.5893 134.4886 167.4504 71.09237516058897
0 1114.3597 194.1671 127.3314 183.401 2.8191628111933653
0 1125.7452 427.7204 163.7859 446.3365 5.729577951308232
