0 598.7802 1066.2998 200.1773 394.1061 34.37746770784939
0 325.9224 890.749 139.6 163.4 0.0
0 387.9225 596.649 136.3628 143.1528 25.210142985756224
0 577.1356 637.8826 197.3637 317.5041 -22.918329405326745
0 942.6224 274.949 129.0 129.0 0.0
0 1203.8956 203.3449 165.6164 165.6428 6.875493541569878
0 1401.431 309.3643 138.7093 252.0034 32.0856365273261
0 1497.5858 489.0447 205.2931 240.4825 72.81124854598141
0 1417.1224 556.449 178.0 196.0 -90.0
0 1599.2048 688.407 189.7323 191.604 -17.188751454018586
0 1574.3508 895.3236 203.2598 442.5611 74.53012193137391
0 1098.6224 439.949 261.0 321.0 0.0
