0 580.8838 1030.9617 244.6909 308.0557 4.0563131302826605
0 327.4318 931.6421 142.5402 153.6132 -1.6732648210255547
0 351.7547 623.1842 121.5464 183.9815 19.48056503444799
0 597.72 606.7112 186.8365 303.7455 -22.918329405326745
0 1269.3265 205.4771 137.6482 154.1255 11.459155902616464
0 1512.7835 1338.4689 233.627 499.1019 -45.92787593938738
0 1524.8838 798.9617 176.1939 347.1935 84.2704044485979
0 1418.8577 550.2361 178.994 205.0774 84.2704044485979
0 1476.2474 479.2273 131.7069 242.0011 88.28110901451367
0 926.0623 222.9176 136.6408 233.1411 -2.9104151401148783
0 1578.2832 1059.2714 272.6571 495.6921 89.47265076923611
