0 581.9708 1035.3177 241.3473 310.7617 4.0563131302826605
0 334.1413 928.9057 148.5345 156.1134 88.32673517897445
0 348.0646 621.3449 129.2862 163.1925 19.48056503444799
0 598.4776 602.6552 182.282 296.8639 -22.918329405326745
0 1266.7764 204.3114 142.2933 156.8339 11.459155902616464
0 1659.1919 1187.1834 258.1658 398.9557 -82.59717482776006
0 1497.472 803.637 195.0484 366.6116 84.2704044485979
0 1418.8577 550.2361 178.994 205.0774 84.2704044485979
0 1471.6034 470.7067 148.6769 232.7784 84.84336224372868
0 974.7245 246.211 115.7995 199.2611 -2.9104151401148783
0 1332.2107 1223.3191 314.8879 444.1733 -55.003965932652875
