0 581.9708 1035.3177 241.3473 310.7617 4.0563131302826605
0 339.2953 891.0291 174.5415 219.1614 -1.6732648210255547
0 340.9708 648.3176 132.1722 149.5736 19.48056503444799
0 604.2914 599.7112 169.2793 295.9687 -22.918329405326745
0 1209.4844 222.4822 111.9745 123.0337 5.729577951308232
0 1449.5065 353.6891 104.8293 202.4904 -69.37351937529036
0 1487.7519 810.9193 194.2997 352.783 84.2704044485979
0 1419.2371 553.9556 171.5164 205.0651 84.2704044485979
0 1429.6552 433.8621 151.7238 161.9009 -18.907624839411028
0 974.7245 246.211 115.7995 199.2611 -2.9104151401148783
0 1850.5408 1146.449 96.0 217.0 -90.0
