0 598.7802 1066.2998 200.1773 394.1061 34.37746770784939
0 314.5224 908.249 136.4 148.8 -90.0
0 389.1225 591.449 139.3199 140.7479 -64.78985701424378
0 594.4213 624.0834 172.453 327.1118 -22.918329405326745
0 942.6224 274.949 129.0 129.0 0.0
0 1113.288 194.2235 116.498 178.6548 1.1459155902616465
0 1401.431 309.3643 138.7093 252.0034 32.0856365273261
0 1497.5858 489.0447 205.2931 240.4825 72.81124854598141
0 1417.1224 556.449 178.0 196.0 -90.0
0 1613.3048 706.907 147.9229 205.7386 72.81124854598141
0 1565.1224 879.949 207.2353 443.0424 68.8005439800657
0 1102.2224 439.049 268.2 319.2 0.0
