0 581.818 1032.1523 242.3794 307.3837 4.0563131302826605
0 327.4318 931.6421 142.5402 153.6132 -1.6732648210255547
0 349.3202 618.1315 129.062 170.0889 19.48056503444799
0 597.72 606.7112 186.8365 303.7455 -22.918329405326745
0 1303.38 215.2476 142.0591 155.212 11.459155902616464
0 868.9948 1466.8795 311.442 561.7155 30.894094772603694
0 1530.6413 796.9057 186.3038 347.7206 84.2704044485979
0 1418.8577 550.2361 178.994 205.0774 84.2704044485979
0 1473.814 477.572 136.3652 237.2359 88.28110901451367
0 926.0623 222.9176 136.6408 233.1411 -2.9104151401148783
0 1791.9289 1143.2509 156.5328 291.7549 -88.80847584537145
