0 580.6472 1037.9181 243.62 316.1367 4.0563131302826605
0 322.0266 939.0986 147.7061 166.8854 -86.51664466484817
0 340.9708 648.3176 132.1722 149.5736 19.48056503444799
0 599.3081 601.418 184.4671 294.2837 -22.918329405326745
0 1209.4844 222.4822 111.9745 123.0337 5.729577951308232
0 1333.8448 314.6659 157.5925 159.3374 20.626480624709636
0 1500.099 806.8633 188.6937 378.1636 84.2704044485979
0 1419.2371 553.9556 171.5164 205.0651 84.2704044485979
0 1738.5315 1122.2862 158.7578 377.0766 -81.97859086816848
0 987.0633 242.411 128.745 194.3121 -2.9104151401148783
