0 601.6316 928.8319 256.4094 281.3426 -55.62253229215061
0 304.9456 994.1644 178.3869 216.2808 71.13800132504974
0 376.083 589.7245 139.8004 153.6283 25.210142985756224
0 600.9933 602.1746 170.2119 302.1452 -17.188751454018586
0 1033.5294 388.7677 162.1353 330.2013 1.1459155902616465
0 1196.1529 192.9939 127.8917 163.6747 5.729577951308232
0 1314.9991 252.7351 124.7266 141.5808 20.626480624709636
0 1397.9466 328.7675 183.2672 221.7131 21.24504698420742
0 1412.4825 553.1458 181.3937 212.7203 -90.0
0 1625.9253 669.1519 197.6552 308.2092 59.63321925797254
0 944.9826 210.6458 121.0917 199.6813 -8.639993091423094
0 1158.4954 589.0464 314.2404 451.0122 -1.4324120879208522
