0 581.9708 1035.3177 241.3473 310.7617 4.0563131302826605
0 327.8667 926.2499 149.1573 154.2103 -1.6732648210255547
0 340.9708 646.2176 132.1722 149.5736 19.48056503444799
0 600.9776 600.6552 176.119 295.1267 -22.918329405326745
0 1201.7318 222.7967 96.6095 120.8598 5.729577951308232
0 1296.6602 312.2733 185.8349 220.3199 -0.5729753952247165
0 1496.5757 809.418 193.0739 370.6422 84.2704044485979
0 1418.8577 550.2361 178.994 205.0774 84.2704044485979
0 1409.9554 415.1564 143.2617 167.1866 -18.907624839411028
0 974.7245 246.211 115.7995 199.2611 -2.9104151401148783
