0 581.3333 1039.3621 242.0469 318.9205 4.0563131302826605
0 329.6413 934.9057 146.7668 160.2666 -1.6732648210255547
0 348.0646 621.3449 129.2862 163.1925 19.48056503444799
0 595.9776 603.9052 187.8609 297.2194 -22.918329405326745
0 1229.1979 197.8773 129.078 161.8921 11.459155902616464
0 936.6891 1467.3766 298.8816 524.6323 16.570149894333127
0 1500.0757 808.9181 184.0191 370.7386 84.2704044485979
0 1418.8577 550.2361 178.994 205.0774 84.2704044485979
0 1475.3828 469.5498 152.3083 240.8531 88.28110901451367
0 946.971 236.7668 144.7487 216.4822 -5.775204115768986
0 1356.6319 1103.6768 356.0209 429.6931 -77.34931994275496
