0 579.6662 1040.3048 243.0451 290.2301 4.0563131302826605
0 327.4318 931.6421 142.5402 153.6132 -1.6732648210255547
0 347.0126 633.8505 132.0459 176.3831 25.210142985756224
0 582.769 617.5322 173.8864 298.2865 -22.918329405326745
0 1124.6032 593.1111 304.6859 550.2195 16.615776058793873
0 1534.0257 1340.0406 263.365 495.4535 -50.511538300433955
0 1532.2432 789.9845 180.2902 347.1834 84.2704044485979
0 1416.8577 552.2361 178.994 205.0774 84.2704044485979
0 1389.0706 407.2625 156.6046 161.1746 65.36279720928076
0 1115.2524 223.1227 122.4169 239.5862 2.246205016062561
0 1661.6786 1057.9287 145.1167 443.9417 86.03490399845111
