0 601.6316 928.8319 256.4094 281.3426 -55.62253229215061
0 425.7156 1223.6942 227.5188 419.7123 86.60786179358195
0 363.176 594.9539 147.5125 152.1474 -64.78985701424378
0 587.8166 604.9902 198.3809 280.0693 -17.188751454018586
0 873.8319 244.4243 127.3892 175.5892 -9.167342322186983
0 1158.3469 185.4382 130.6181 151.0014 5.729577951308232
0 1348.8823 290.0211 138.5048 246.5616 13.178029288008934
0 1428.1644 433.3386 153.8294 168.1385 61.35209264336498
0 1408.2224 550.749 170.6 216.2 -90.0
0 1636.5286 716.7155 153.7372 243.1586 76.82195311189724
0 954.3331 219.5423 107.7362 221.092 -10.931824271946397
0 1097.525 414.8467 242.1949 392.1954 0.0
