0 580.8838 1030.9617 244.6909 308.0557 4.0563131302826605
0 327.4318 931.6421 142.5402 153.6132 -1.6732648210255547
0 350.5758 614.918 128.8379 176.9854 19.48056503444799
0 597.72 606.7112 186.8365 303.7455 -22.918329405326745
0 1300.8012 213.7256 138.8709 153.3645 11.459155902616464
0 998.0909 1468.1933 364.8912 515.0564 31.467052567734527
0 1527.9413 792.3057 188.0369 342.4673 84.2704044485979
0 1418.8577 550.2361 178.994 205.0774 84.2704044485979
0 1473.814 477.572 136.3652 237.2359 88.28110901451367
0 926.0623 222.9176 136.6408 233.1411 -2.9104151401148783
0 1812.5488 1147.8788 140.7847 280.7245 -89.95439143563306
