0 578.4494 1040.9494 241.2473 287.786 4.0563131302826605
0 327.4318 931.6421 142.5402 153.6132 -1.6732648210255547
0 343.166 630.9565 132.2114 184.0287 19.48056503444799
0 580.3596 618.1271 209.2509 297.6549 -22.918329405326745
0 1135.713 223.2508 127.1738 232.8191 2.291831180523293
0 1526.9946 1349.0337 206.4857 502.3733 -50.511538300433955
0 1521.9393 797.3692 191.5479 331.783 84.2704044485979
0 1418.8577 555.0361 178.994 205.0774 84.2704044485979
0 1442.4046 428.5734 145.2684 185.4101 65.36279720928076
0 874.2623 236.9176 136.6408 233.1411 -12.077739862208034
0 1793.6138 1193.2598 154.1949 275.6247 -73.33861537683919
