0 578.6928 1039.9506 241.5917 289.813 4.0563131302826605
0 327.4318 931.6421 142.5402 153.6132 -1.6732648210255547
0 345.566 627.3565 132.2114 184.0287 19.48056503444799
0 581.9387 612.6651 220.5446 302.4221 -22.918329405326745
0 1274.9995 221.3971 129.2608 159.4485 17.188733853924695
0 1543.8509 1341.2268 208.0701 510.7704 -50.511538300433955
0 1519.1949 794.7307 185.7495 336.7174 84.2704044485979
0 1418.8577 550.2361 178.994 205.0774 84.2704044485979
0 1442.6881 422.2668 163.5919 193.6766 65.93575500441159
0 919.0623 221.9176 136.6408 233.1411 -2.9104151401148783
0 1660.0415 1097.2632 246.9983 421.7193 -86.51664466484817
