0 581.9708 1035.3177 241.3473 310.7617 4.0563131302826605
0 325.0361 909.5931 170.7342 237.4728 -1.6732648210255547
0 340.9708 648.3176 132.1722 149.5736 19.48056503444799
0 604.3253 599.1638 169.7682 296.9507 -22.918329405326745
0 1209.4844 222.4822 111.9745 123.0337 5.729577951308232
0 1398.5464 354.2201 139.5248 151.3668 -69.37351937529036
0 1488.6213 810.6081 193.854 354.5753 84.2704044485979
0 1419.2371 553.9556 171.5164 205.0651 84.2704044485979
0 1435.4827 427.4873 140.5064 166.3899 71.09237516058897
0 974.7245 246.211 115.7995 199.2611 -2.9104151401148783
