0 1475.9009 1358.9711 210.7277 478.3414 -44.163376389534136
0 317.49 992.2813 142.0059 210.9579 65.40842337374147
0 344.6738 618.7981 130.4419 136.3539 -70.51943496555201
0 601.8483 609.3494 172.819 316.3594 -17.188751454018586
0 691.0035 1411.013 241.3158 509.8797 40.10704565915762
0 1388.1164 294.6069 149.0076 251.0289 25.210142985756224
0 1530.9494 802.4494 170.4317 354.7873 84.2704044485979
0 1425.6328 551.8236 180.7453 204.4326 84.2704044485979
0 1429.7176 431.0745 141.0015 159.3724 71.09237516058897
0 841.1994 200.0602 126.6386 185.7101 -8.067035296292289
0 1036.7236 399.2856 223.3588 417.1164 -5.729595551402099
