0 584.8714 1005.5736 250.8215 295.8497 34.37746770784939
0 322.8724 896.199 157.5 163.5 0.0
0 385.2447 578.3134 141.6057 182.8275 25.210142985756224
0 581.1225 614.949 178.0659 292.7687 -22.918329405326745
0 964.5009 232.1392 114.2586 168.8071 -6.302553346532932
0 1143.6224 196.0999 135.0 185.3019 2.864788975654116
0 1401.431 309.3643 138.7093 252.0034 32.0856365273261
0 1496.7516 491.9827 210.4137 237.1522 72.81124854598141
0 1408.6224 555.449 180.0 213.0 -90.0
0 1623.9808 714.7931 154.0487 221.7102 72.81124854598141
0 1041.7073 741.4956 354.3959 414.7398 -11.504782067077201
0 1104.6224 442.449 257.0 316.0 0.0
