0 586.4836 945.3323 328.7774 474.0285 -73.95718173633695
0 311.74 989.8092 143.8984 190.2981 88.32673517897445
0 381.2008 552.1758 197.3841 219.3877 30.939720937064454
0 597.8012 609.3241 180.5366 313.919 -17.188751454018586
0 767.844 1441.6383 295.6417 532.5305 26.35605857601787
0 1090.1835 202.4423 143.9299 209.0157 2.291831180523293
0 1596.5338 934.258 228.5193 436.0481 84.2704044485979
0 1414.4825 549.1458 181.3937 212.7203 -90.0
0 1430.0379 408.815 171.1202 173.3881 -24.637202790719243
0 882.1418 200.144 130.06 187.2485 -2.9104151401148783
0 1091.0494 403.6494 215.8 419.8 1.1459155902616465
