0 598.7802 1066.2998 200.1773 394.1061 34.37746770784939
0 326.1224 882.449 140.0 168.0 0.0
0 380.5855 592.4736 127.9156 151.3728 19.48056503444799
0 588.6889 632.2472 166.8458 316.3487 -22.918329405326745
0 942.6224 274.949 129.0 129.0 0.0
0 1186.8939 195.2905 128.285 170.7452 6.875493541569878
0 1372.6678 296.3516 160.6955 270.5387 20.626480624709636
0 1481.1225 475.949 196.4307 232.3273 72.81124854598141
0 1419.5224 555.649 179.6 200.8 -90.0
0 1625.2105 725.8734 157.2298 215.7061 77.39491090702802
0 1558.6225 988.949 202.8552 443.7159 80.25969988268213
0 1096.8224 440.349 254.6 321.8 0.0
