0 601.6316 928.8319 256.4094 281.3426 -55.62253229215061
0 315.4615 1020.2111 240.8801 340.5755 84.2704044485979
0 363.5888 612.199 156.8569 166.7905 -70.51943496555201
0 580.1224 608.449 188.5548 263.4902 -17.188751454018586
0 859.1561 222.1007 107.9846 129.7569 -9.167342322186983
0 1122.3224 168.8999 124.4 129.7019 0.0
0 1341.2768 281.4718 141.9271 226.1327 14.896902673401405
0 1447.3089 443.1927 175.8875 191.2901 70.51941736545814
0 1416.1224 553.449 176.0 198.0 -90.0
0 1618.2185 718.7089 158.1248 208.386 72.81124854598141
0 995.5175 294.2316 147.8934 339.0717 1.673247220931728
0 1114.0872 393.3448 165.2432 411.2187 4.583662361046586
