0 594.563 1005.9866 256.5558 321.988 9.2129332864601
0 324.4318 933.6421 148.6545 149.7901 -1.6732648210255547
0 341.84 636.2387 132.0275 175.5336 25.210142985756224
0 576.5546 620.0404 187.2877 298.067 -22.918329405326745
0 962.3607 1494.9072 307.2468 526.2574 1.1459155902616465
0 1504.6773 1360.04 255.5811 508.2632 -35.04167783190172
0 1534.2631 791.5718 182.6981 350.886 84.2704044485979
0 1413.896 558.8961 178.4649 217.1615 84.2704044485979
0 1430.4252 430.5893 134.4886 167.4504 71.09237516058897
0 1115.1597 194.1671 127.3314 183.401 3.39212060632417
0 1125.8452 428.0204 163.7859 446.3365 5.729577951308232
