0 601.6316 928.8319 256.4094 281.3426 -55.62253229215061
0 311.0888 1030.4265 167.6158 213.5951 53.94926747112507
0 376.083 589.7245 139.8004 153.6283 25.210142985756224
0 600.9933 602.1746 170.2119 302.1452 -17.188751454018586
0 1232.4754 1033.423 256.8109 370.0591 -46.98255680082133
0 1129.9364 215.8446 136.6265 214.8149 2.291831180523293
0 1359.1821 294.6649 147.322 250.9888 24.064227395494573
0 1571.6966 452.0617 165.7247 243.0601 30.412371706300576
0 1412.4825 553.1458 181.3937 212.7203 -90.0
0 1602.5878 812.0198 192.897 432.425 67.65462838980409
0 965.1661 222.4293 127.2221 238.627 -2.9104151401148783
0 1634.3666 1093.1868 227.4755 455.5641 85.41632003885957
