0 578.4494 1040.9494 241.2473 287.786 4.0563131302826605
0 327.4318 931.6421 142.5402 153.6132 -1.6732648210255547
0 348.566 630.3565 132.2114 184.0287 25.210142985756224
0 581.0596 616.9271 174.1829 299.453 -22.918329405326745
0 1074.308 379.3898 212.9727 420.9069 2.291831180523293
0 1541.3696 1337.8648 250.6663 504.0216 -50.511538300433955
0 1537.3338 789.4794 180.2788 357.4146 84.2704044485979
0 1416.8577 552.2361 178.994 205.0774 84.2704044485979
0 1401.9338 413.073 136.484 152.2862 65.36279720928076
0 1034.4453 220.5754 119.3418 240.1981 -2.9104151401148783
0 1745.4823 1128.7893 158.9072 355.1905 -85.94368686971734
