0 596.6748 965.8772 246.6124 341.6734 34.37746770784939
0 324.3881 1024.7794 159.6985 226.2545 48.219689519816825
0 289.0775 693.4073 184.1682 215.8822 -67.39423667201093
0 579.8012 609.8241 215.2242 304.2356 -17.188751454018586
0 1783.0226 1104.9925 96.3971 259.0686 -85.42281093816388
0 1508.8053 1321.202 238.118 454.531 -64.5880028591447
0 796.7436 494.9796 346.7077 459.7889 -25.21016058585002
0 1584.6295 789.0677 232.5281 426.6508 61.35209264336498
0 1408.2098 544.0549 181.3937 212.7203 -90.0
0 1583.468 491.5538 153.8665 256.2276 28.901883070997144
0 824.1985 210.0375 135.9196 190.3784 -15.932198837391638
0 1149.9039 422.3248 199.3638 451.4309 -1.7600093883629597e-05
