0 601.6316 928.8319 256.4094 281.3426 -55.62253229215061
0 309.8829 1029.7052 180.2846 214.6962 53.94926747112507
0 376.083 589.7245 139.8004 153.6283 25.210142985756224
0 600.9933 602.1746 170.2119 302.1452 -17.188751454018586
0 1586.0087 1226.7088 197.7634 366.1516 -71.04678419631591
0 1101.2239 456.9028 221.2338 465.0924 0.0
0 1381.5318 308.3789 138.8024 259.8297 21.772396214971284
0 1664.8024 659.3685 165.8397 328.9011 72.81124854598141
0 1412.4825 553.1458 181.3937 212.7203 -90.0
0 1588.6664 840.9229 188.5285 476.2234 66.50871279954248
0 825.7385 203.5233 140.9775 199.2736 -14.369571042731309
0 1667.0493 950.4494 198.0544 351.2157 68.22758618493486
