0 583.3629 1037.6827 231.9092 315.1245 34.37746770784939
0 328.7599 891.6115 156.075 160.925 0.0
0 385.2447 578.3134 141.6057 182.8275 25.210142985756224
0 582.6571 614.9122 179.0223 293.3127 -22.918329405326745
0 960.8395 228.3903 116.3273 161.1714 -7.8781872831426085
0 1147.5474 196.4999 135.0 185.3019 4.297183463481174
0 1401.431 309.3643 138.7093 252.0034 32.0856365273261
0 1496.7516 491.9827 210.4137 237.1522 72.81124854598141
0 1408.8349 555.474 179.95 212.575 -90.0
0 1623.9808 714.7931 154.0487 221.7102 72.81124854598141
0 1040.2741 746.5508 350.9532 407.9563 -10.072387579250176
0 1104.7724 441.7365 257.3 317.425 0.0
