0 1474.0625 1357.3521 245.0261 475.3665 -44.163376389534136
0 317.106 906.9546 184.1721 218.7855 4.0563131302826605
0 749.7841 324.1262 292.8699 386.8728 65.31718864491384
0 601.8483 609.3494 172.819 316.3594 -17.188751454018586
0 793.0659 1453.7749 339.4965 504.7225 20.05352282957881
0 1121.2863 195.19 188.6421 276.7173 89.14054570720992
0 1559.3224 923.3942 224.3738 450.1119 84.2704044485979
0 1410.1892 548.9225 180.9471 221.3068 -90.0
0 1394.5018 423.4757 160.6117 205.2449 65.36279720928076
0 847.1536 207.0539 128.1902 187.9136 -14.369571042731309
0 1068.1994 395.4494 219.5 415.0 0.0
