0 317.9106 1029.4869 128.8959 179.6483 49.89293674074855
0 344.4802 643.3794 133.4548 146.2186 32.70420288682379
0 549.3555 544.7987 155.9501 227.5382 61.35209264336498
0 576.1304 1082.413 173.2842 260.3106 34.37746770784939
0 1533.1248 766.6589 166.7801 171.3234 78.54082649728974
0 1408.3831 548.7707 180.4053 182.4165 84.2704044485979
0 1315.9826 321.9336 151.3176 152.4423 1.673247220931728
0 1187.4904 230.4655 91.5465 105.7671 -0.7366694372935285
0 971.6928 229.093 119.1609 144.3598 -1.7600093883629597e-05
0 1607.9161 1170.7702 303.69 465.0524 -76.82197071199107
