0 591.5108 984.0626 256.5848 273.2603 34.37746770784939
0 332.6224 889.6823 153.0 155.0 0.0
0 363.0956 598.4853 150.5067 176.9308 25.210142985756224
0 595.1438 612.7044 189.5302 325.2831 -22.918329405326745
0 939.2969 212.2553 105.7137 151.6375 -4.774646794257535
0 1113.9891 193.6666 134.6667 184.3019 0.0
0 1401.431 309.3643 138.7093 252.0034 32.0856365273261
0 1496.7516 491.9827 210.4137 237.1522 72.81124854598141
0 1417.1224 556.449 178.0 196.0 -90.0
0 1624.6187 712.8776 157.3317 224.0611 72.81124854598141
0 1358.9602 1045.3252 319.0123 446.2848 -71.47438372269656
0 1110.6224 413.949 269.0 373.0 0.0
