0 601.6316 928.8319 256.4094 281.3426 -55.62253229215061
0 268.0225 892.449 165.4848 209.769 -84.27042204869177
0 370.8882 597.3903 163.7767 168.1244 19.48056503444799
0 608.4381 601.7422 151.6846 245.1905 -17.188751454018586
0 913.9204 216.375 132.7822 135.734 -3.437764370878824
0 1122.1224 161.0999 117.3019 120.0 -90.0
0 1332.7768 281.9718 127.5037 214.2245 14.896902673401405
0 1458.0908 449.9391 176.5514 200.1153 72.81124854598141
0 1416.1224 553.449 176.0 198.0 -90.0
0 1618.2185 718.7089 158.1248 208.386 72.81124854598141
0 931.6917 430.1724 230.3662 459.1148 -9.78590868168476
0 1118.1224 391.449 190.0 418.0 0.0
