0 598.7802 1066.2998 200.1773 394.1061 34.37746770784939
0 326.1224 882.449 140.0 168.0 0.0
0 380.5855 588.4736 127.9156 151.3728 19.48056503444799
0 582.6077 634.754 180.0005 316.2302 -22.918329405326745
0 942.6224 274.949 129.0 129.0 0.0
0 1179.5357 194.141 126.9458 168.9013 5.729577951308232
0 1372.6678 296.3516 160.6955 270.5387 20.626480624709636
0 1482.1225 478.949 194.0665 224.6846 72.81124854598141
0 1417.1224 556.449 178.0 196.0 -90.0
0 1621.9233 726.9738 154.9247 217.513 78.54082649728974
0 1567.1453 1005.6586 208.5956 462.4058 83.12448885833629
0 1090.6224 439.949 245.0 321.0 0.0
