0 581.9708 1035.3177 241.3473 310.7617 4.0563131302826605
0 321.7318 938.2051 158.3131 173.0848 -1.6732648210255547
0 340.9708 648.3176 132.1722 149.5736 19.48056503444799
0 599.3081 601.418 184.4671 294.2837 -22.918329405326745
0 1209.4844 222.4822 111.9745 123.0337 5.729577951308232
0 1348.3929 315.8107 125.1256 148.6011 12.032113697747286
0 1492.099 809.3633 192.0713 361.7444 84.2704044485979
0 1419.2371 553.9556 171.5164 205.0651 84.2704044485979
0 1448.7966 407.7133 191.2042 192.2073 48.174063355356054
0 984.0745 244.0334 122.6102 197.2492 -2.9104151401148783
