0 602.9802 1069.0998 200.1773 394.1061 34.37746770784939
0 327.5224 884.549 142.8 163.8 0.0
0 380.5855 592.4736 127.9156 151.3728 19.48056503444799
0 588.6889 632.2472 166.8458 316.3487 -22.918329405326745
0 942.6224 274.949 129.0 129.0 0.0
0 1216.3271 199.8885 133.6417 178.1209 11.459155902616464
0 1375.9565 296.9466 154.1204 271.7421 20.626480624709636
0 1481.1225 475.949 196.4307 232.3273 72.81124854598141
0 1429.1224 552.449 186.0 220.0 -90.0
0 1620.3061 706.2222 206.4948 212.7587 72.81124854598141
0 1554.8409 971.5543 215.3982 443.8771 80.25969988268213
0 1109.3724 441.249 268.5 323.6 0.0
