0 601.6316 928.8319 256.4094 281.3426 -55.62253229215061
0 975.9238 876.5715 301.1969 435.1967 -53.23946638279966
0 386.1224 564.449 140.1134 166.1453 25.210142985756224
0 570.1327 617.7495 209.3174 237.046 -17.188751454018586
0 883.1561 222.1007 107.9846 129.7569 -9.167342322186983
0 1206.3371 189.4123 128.644 148.4433 11.459155902616464
0 1345.837 273.9993 124.184 212.3112 14.896902673401405
0 1431.692 436.2958 145.2566 171.4946 61.35209264336498
0 1407.6224 550.449 170.0 215.0 -90.0
0 1627.2804 716.7618 152.3928 226.8513 72.81124854598141
0 987.0152 213.2062 114.3841 218.8143 -2.9104151401148783
0 1108.1225 403.949 237.3899 378.5908 5.729577951308232
