0 601.6316 928.8319 256.4094 281.3426 -55.62253229215061
0 310.109 1029.8405 177.9092 214.4897 53.94926747112507
0 376.083 589.7245 139.8004 153.6283 25.210142985756224
0 600.9933 602.1746 170.2119 302.1452 -17.188751454018586
0 1310.5956 1132.8068 252.402 396.8975 -68.03875577187915
0 1098.3738 232.7701 133.7775 246.5968 0.4297183463481174
0 1367.6787 295.945 140.3998 258.172 25.92634022966975
0 1585.7021 487.1622 164.7381 262.431 33.993357925868224
0 1412.4825 553.1458 181.3937 212.7203 -90.0
0 1582.1272 818.5644 187.1972 451.5999 65.79251555562882
0 951.4348 222.219 126.2 237.7755 -3.7698518328111277
0 1675.6268 1035.6437 197.3119 404.5768 79.82998153633406
