0 594.9467 966.6001 243.8809 327.1481 34.37746770784939
0 324.3881 1024.7794 159.6985 226.2545 48.219689519816825
0 286.0299 713.3553 177.2892 222.3873 -70.51943496555201
0 585.0512 609.0741 204.7499 305.9056 -17.188751454018586
0 1481.9739 1357.2785 251.2739 454.7243 -57.29579711317621
0 754.1153 531.3159 431.6547 441.3837 64.78983941414998
0 1600.5002 833.204 220.2637 433.0397 67.08167059467326
0 1409.9825 547.1458 181.3937 212.7203 -90.0
0 1481.4464 379.7775 125.0672 245.9269 13.79659564750665
0 852.8026 203.757 138.891 190.0296 -11.504782067077201
0 1148.4494 425.4494 208.0001 450.0 -1.7600093883629597e-05
