0 595.8372 948.5305 313.2319 399.3353 -62.49802583372049
0 311.74 989.8092 143.8984 190.2981 88.32673517897445
0 375.5794 562.742 197.5898 212.4233 30.939720937064454
0 597.8012 609.3241 180.5366 313.919 -17.188751454018586
0 837.344 1461.6383 295.6417 532.5305 20.626480624709636
0 1045.6873 268.1024 169.0599 327.0413 -0.5729753952247165
0 1585.3545 928.9625 222.7207 437.8368 84.2704044485979
0 1414.4825 549.1458 181.3937 212.7203 -90.0
0 1430.0379 408.815 171.1202 173.3881 -24.637202790719243
0 882.1418 200.144 130.06 187.2485 -2.9104151401148783
0 1098.7994 409.1494 215.3001 436.8 4.010704565915763
