0 606.5719 1074.3335 220.3393 352.4875 32.70420288682379
0 327.9318 935.0421 148.6545 149.7901 -1.6732648210255547
0 340.0446 648.8317 139.5065 151.2171 25.210142985756224
0 586.6751 613.9162 189.7548 311.8135 -18.907624839411028
0 989.5164 1481.0935 409.9781 500.6361 -0.5729753952247165
0 1381.4812 299.2871 141.7483 244.1898 16.615776058793873
0 1543.896 796.3961 182.5221 345.6115 84.2704044485979
0 1415.9493 557.4494 175.996 221.5364 84.2704044485979
0 1430.4252 430.5893 134.4886 167.4504 71.09237516058897
0 959.5121 224.2 131.3387 242.1449 -8.639993091423094
0 1130.996 424.981 172.8934 443.9366 5.729577951308232
