0 601.6316 928.8319 256.4094 281.3426 -55.62253229215061
0 309.8829 1029.7052 180.2846 214.6962 53.94926747112507
0 376.083 589.7245 139.8004 153.6283 25.210142985756224
0 600.9933 602.1746 170.2119 302.1452 -17.188751454018586
0 1449.7071 1248.7614 210.0803 407.2275 -71.81070882456385
0 1074.6241 265.7597 145.1007 300.4063 0.0
0 1377.9318 300.1122 138.8024 259.8297 26.35605857601787
0 1626.3755 583.2831 165.4492 310.6864 50.65686136899643
0 1412.4825 553.1458 181.3937 212.7203 -90.0
0 1572.7844 813.9822 201.8448 461.1897 65.74478817129443
0 873.2155 213.5214 125.6209 207.7229 -11.3138152339601
0 1679.4204 969.487 186.0118 378.8963 72.81124854598141
