0 601.6316 928.8319 256.4094 281.3426 -55.62253229215061
0 320.992 1022.8011 178.3732 240.7857 53.94926747112507
0 366.9826 607.1458 165.4164 169.1776 25.210142985756224
0 600.9933 602.1746 170.2119 302.1452 -17.188751454018586
0 1622.1245 1243.0089 166.8065 361.1643 -75.63044655736246
0 1237.1174 972.6555 316.39 409.4836 -80.83267527790683
0 1356.6527 278.82 132.0422 261.859 20.626480624709636
0 1666.5898 723.4083 172.8436 328.8016 86.56223562912118
0 1412.4825 553.1458 181.3937 212.7203 -90.0
0 1584.2776 828.5637 193.0816 476.0868 67.65462838980409
0 810.5385 206.1233 149.7903 201.9443 -14.369571042731309
0 1683.7955 996.7906 217.6829 423.1092 78.54082649728974
