0 317.9106 1029.4869 128.8959 179.6483 49.89293674074855
0 344.4802 643.3794 133.4548 146.2186 32.70420288682379
0 549.3555 544.7987 155.9501 227.5382 61.35209264336498
0 579.1251 1084.5599 180.652 260.4726 34.37746770784939
0 1556.3956 773.6598 179.496 214.4847 78.54082649728974
0 1408.3831 548.7707 180.4053 182.4165 84.2704044485979
0 1315.9826 321.9336 151.3176 152.4423 1.673247220931728
0 1187.4904 230.4655 91.5465 105.7671 1.7188733853924696
0 970.6214 229.4131 117.0181 145.0 -1.7600093883629597e-05
0 1524.1574 1194.6709 282.019 514.5457 -69.94647717042119
