0 581.9708 1035.3177 241.3473 310.7617 4.0563131302826605
0 341.5131 886.4433 169.8399 228.1995 -1.6732648210255547
0 340.9708 648.3176 132.1722 149.5736 19.48056503444799
0 604.2914 599.7112 169.2793 295.9687 -22.918329405326745
0 1209.4844 222.4822 111.9745 123.0337 5.729577951308232
0 1368.5237 319.5812 162.8149 192.3936 7.448451336700702
0 1487.7519 810.9193 194.2997 352.783 84.2704044485979
0 1419.1233 552.8398 173.7597 205.0688 84.2704044485979
0 1443.2632 422.0382 164.2743 189.3758 71.09237516058897
0 974.7245 246.211 115.7995 199.2611 -2.9104151401148783
