0 597.323 996.0247 299.2773 337.9943 34.37746770784939
0 316.9738 990.3647 146.1973 196.7014 68.27321234939566
0 372.2065 566.8317 181.8542 197.3478 30.939720937064454
0 597.8012 609.3241 180.5366 313.919 -17.188751454018586
0 1019.1618 1444.0714 299.681 512.2663 -2.8648065757479912
0 975.9455 350.1596 190.3125 430.6144 -5.156637756271323
0 1585.7711 906.2523 225.4281 467.4601 81.40561547294385
0 1414.4825 549.1458 181.3937 212.7203 -90.0
0 1416.3403 389.0701 158.6547 203.1469 36.714907452739624
0 881.9129 193.5909 128.2584 175.1391 -5.775204115768986
0 1101.1618 415.2955 196.487 448.5482 5.729577951308232
