0 598.7802 1066.2998 200.1773 394.1061 34.37746770784939
0 317.3224 903.349 146.2 154.4 -90.0
0 389.1225 591.449 139.3199 140.7479 -64.78985701424378
0 589.4186 623.5851 181.2804 322.2975 -22.918329405326745
0 942.6224 274.949 129.0 129.0 0.0
0 1169.288 192.8235 116.498 178.6548 9.167324722093172
0 1401.431 309.3643 138.7093 252.0034 32.0856365273261
0 1497.5858 489.0447 205.2931 240.4825 72.81124854598141
0 1417.1224 556.449 178.0 196.0 -90.0
0 1618.9048 704.807 148.6255 217.6795 72.81124854598141
0 1565.1224 879.949 207.2353 443.0424 68.8005439800657
0 1099.4224 439.749 262.6 320.6 0.0
