0 598.7802 1066.2998 200.1773 394.1061 34.37746770784939
0 325.1974 899.0865 138.15 146.725 0.0
0 385.385 597.374 139.6792 140.3368 -64.78985701424378
0 580.0978 639.0551 210.4189 322.8318 -22.918329405326745
0 942.6224 274.949 129.0 129.0 0.0
0 1224.4295 221.4551 167.2288 173.0679 -79.40028079007978
0 1401.431 309.3643 138.7093 252.0034 32.0856365273261
0 1497.5858 489.0447 205.2931 240.4825 72.81124854598141
0 1417.1224 556.449 178.0 196.0 -90.0
0 1630.6446 707.232 136.4623 240.5878 72.81124854598141
0 1572.9008 883.7236 203.2598 442.5611 74.53012193137391
0 1098.6224 439.949 261.0 321.0 0.0
