0 603.4112 936.0144 279.7121 283.9824 -55.62253229215061
0 324.8825 1021.5031 165.454 235.6181 53.94926747112507
0 370.4545 605.9769 128.7135 150.7713 -64.78985701424378
0 600.2316 598.8528 162.6951 292.8658 -17.188751454018586
0 1687.8111 996.3759 170.5175 330.9596 48.907238873973824
0 1493.2338 1351.6014 224.1756 454.3008 -63.02537506448442
0 1116.739 165.7595 109.4808 131.0948 1.604281826366305
0 1670.664 727.2728 189.3783 371.3779 73.84257257721697
0 1415.3025 541.8658 181.3937 212.7203 -90.0
0 1590.5397 654.3869 132.5735 299.9954 25.82870934525397
0 821.7749 209.0043 153.0023 182.8525 -13.911204806626671
0 1084.3793 411.026 200.3 437.0068 -1.7600093883629597e-05
