0 601.6316 928.8319 256.4094 281.3426 -55.62253229215061
0 330.5661 942.717 156.2802 358.5073 -71.09239276068283
0 368.0882 604.3903 163.7767 168.1244 19.48056503444799
0 585.8171 602.937 192.7445 246.5979 -17.188751454018586
0 875.5854 220.023 115.4239 131.55 -7.448468936794541
0 1121.4224 166.6999 121.4 125.7019 0.0
0 1332.3768 279.7718 125.5995 218.2709 14.896902673401405
0 1457.4446 448.576 179.5378 200.5443 72.81124854598141
0 1416.1224 553.449 176.0 198.0 -90.0
0 1618.2185 718.7089 158.1248 208.386 72.81124854598141
0 937.6912 393.6648 174.3813 425.3019 -4.629288525507349
0 1125.2224 385.849 171.8 406.8 0.0
