0 582.5653 1033.1048 240.5302 306.8462 4.0563131302826605
0 327.4318 931.6421 142.5402 153.6132 -1.6732648210255547
0 348.3157 620.7022 129.2413 164.5718 19.48056503444799
0 597.72 606.7112 186.8365 303.7455 -22.918329405326745
0 1304.483 216.2252 144.6096 156.6899 11.459155902616464
0 801.2868 1449.0863 289.4501 581.6909 33.185925953127
0 1530.6413 800.1057 186.3038 347.7206 84.2704044485979
0 1418.8577 550.2361 178.994 205.0774 84.2704044485979
0 1473.814 477.572 136.3652 237.2359 88.28110901451367
0 926.0623 222.9176 136.6408 233.1411 -2.9104151401148783
0 1771.5004 1143.7397 172.5664 305.6669 -86.51664466484817
