0 581.9708 1035.3177 241.3473 310.7617 4.0563131302826605
0 328.3477 927.2137 148.2518 152.2555 -1.6732648210255547
0 340.9708 645.9176 132.1722 149.5736 19.48056503444799
0 600.9776 600.6552 176.119 295.1267 -22.918329405326745
0 1200.6242 222.8416 94.4145 120.5493 5.729577951308232
0 1292.3661 313.6289 190.488 217.9255 -1.1459331903554926
0 1496.5757 809.418 193.0739 370.6422 84.2704044485979
0 1418.8577 550.2361 178.994 205.0774 84.2704044485979
0 1408.8363 414.9549 141.275 167.4411 -18.907624839411028
0 974.7245 246.211 115.7995 199.2611 -2.9104151401148783
