0 609.7329 969.8427 328.6591 499.4602 -79.11380189251436
0 311.74 989.8092 143.8984 190.2981 88.32673517897445
0 385.8122 543.606 197.5993 235.6516 30.939720937064454
0 597.8012 609.3241 180.5366 313.919 -17.188751454018586
0 747.5239 1436.8378 298.4551 530.1383 27.215495268714104
0 1118.5324 185.5943 136.391 173.608 4.010704565915763
0 1597.1536 935.6168 229.682 428.591 83.41096775590171
0 1414.4825 549.1458 181.3937 212.7203 -90.0
0 1426.459 410.3603 163.3255 173.5628 -24.637202790719243
0 882.7418 199.994 130.06 187.2485 -2.9104151401148783
0 1083.9244 401.0994 215.95 414.7 0.2864788975654116
