0 590.9373 992.5627 230.3976 306.906 59.58761069360562
0 309.359 1022.6974 100.2744 204.2595 44.3317698093976
0 356.3569 614.3058 150.436 172.1159 27.3700792818404
0 584.4558 611.667 203.5273 303.3377 -17.188751454018586
0 1641.5181 1200.0889 144.1837 342.6161 -61.88175130540327
0 1505.7512 1331.9446 190.1432 449.2145 -53.726155457952075
0 935.275 375.6585 187.7867 434.7899 -14.940121291248147
0 1710.1934 855.7888 166.1356 359.4002 88.30838180556191
0 1413.2633 546.9596 169.7661 208.2819 -90.0
0 1594.6519 778.7586 196.6635 447.1412 67.4790741213759
0 804.7426 199.7375 129.0946 154.1002 -20.09914899403958
0 1129.5696 420.564 201.9762 445.1644 -1.7600093883629597e-05
