0 601.6316 928.8319 256.4094 281.3426 -55.62253229215061
0 333.3107 922.37 197.0608 270.5502 -83.50861624041136
0 375.2292 590.074 141.0159 153.6468 25.210142985756224
0 584.1484 608.6783 174.7632 287.6605 -17.188751454018586
0 984.5992 255.176 140.9365 189.1504 -7.734947834359957
0 1126.0668 182.0253 126.4748 158.0423 5.729577951308232
0 1379.6308 295.1398 164.5446 260.2475 20.626480624709636
0 1405.9637 407.357 162.0455 168.0324 62.78448713119201
0 1412.4825 553.1458 181.3937 212.7203 -90.0
0 1573.1703 456.9372 236.4598 252.279 -37.09903483481469
0 957.6076 206.3958 104.4374 191.5914 -8.639993091423094
0 1115.2801 413.9202 187.4346 427.7425 0.0
