0 624.948 997.2515 229.9501 293.0856 38.433780838132066
0 324.4318 933.6421 148.6545 149.7901 -1.6732648210255547
0 340.0446 648.8317 139.5065 151.2171 25.210142985756224
0 580.2761 615.5759 200.8849 290.0088 -22.918329405326745
0 972.4007 1480.3799 287.6371 513.6467 8.594366926962348
0 1659.3546 1071.7291 243.9675 461.979 -87.75379498393745
0 1517.1567 794.8415 183.1273 316.1912 84.2704044485979
0 1415.9493 557.4494 175.996 221.5364 84.2704044485979
0 1430.4252 430.5893 134.4886 167.4504 71.09237516058897
0 1056.0464 208.3972 102.2654 204.3813 2.8191628111933653
0 1123.396 424.981 172.8934 443.9366 5.729577951308232
