0 600.9352 917.2817 269.0067 274.6886 34.37746770784939
0 304.3724 898.549 151.5 179.8 0.0
0 368.0034 574.203 138.6076 169.281 25.210142985756224
0 608.9809 604.2335 155.8448 261.2338 -18.907624839411028
0 968.7943 238.9554 110.4974 182.69 -9.167342322186983
0 1135.2724 185.6499 120.3 169.2019 0.0
0 1401.431 309.3643 138.7093 252.0034 32.0856365273261
0 1466.6984 461.9689 173.089 197.4698 72.81124854598141
0 1416.1224 553.449 176.0 198.0 -90.0
0 1623.9808 714.7931 154.0487 221.7102 72.81124854598141
0 1130.7851 648.3115 337.0319 488.8306 2.8191628111933653
0 1089.1224 413.399 254.0 318.1 0.0
