0 601.6316 928.8319 256.4094 281.3426 -55.62253229215061
0 324.8825 1021.5031 165.454 235.6181 53.94926747112507
0 375.9142 579.3336 167.0448 190.0184 25.210142985756224
0 600.9933 602.1746 170.2119 302.1452 -17.188751454018586
0 1700.9757 1033.8861 128.1465 318.9952 84.8889884081895
0 1512.3538 1322.0214 224.1756 454.3008 -63.02537506448442
0 1225.3048 194.5709 113.6772 180.3843 3.437746770784939
0 1658.4264 808.3934 183.7097 283.907 -67.08168819476707
0 1412.4825 553.1458 181.3937 212.7203 -90.0
0 1598.6992 783.4176 198.0438 416.6218 71.09237516058897
0 836.6224 205.0763 156.4015 180.1483 -8.639993091423094
0 1106.1993 410.076 211.4999 419.7467 -1.7600093883629597e-05
