0 581.9708 1035.3177 241.3473 310.7617 4.0563131302826605
0 332.1337 931.8013 142.863 151.9306 88.32673517897445
0 337.3708 658.8176 134.0769 160.3556 19.48056503444799
0 598.8513 601.9652 181.0562 295.8839 -22.918329405326745
0 1198.4092 222.9315 90.0245 119.9282 5.729577951308232
0 1288.3818 308.4193 200.6353 228.9571 -7.448468936794541
0 1496.5757 809.418 193.0739 370.6422 84.2704044485979
0 1418.8577 550.2361 178.994 205.0774 84.2704044485979
0 1403.5721 413.1618 132.4764 172.5415 -18.907624839411028
0 974.7245 246.211 115.7995 199.2611 -2.9104151401148783
