0 1469.4564 1328.5389 273.552 487.1428 -44.163376389534136
0 312.2345 984.88 148.3322 190.2806 88.67050985605294
0 605.5202 380.4755 257.1591 380.7941 50.8786522076171
0 598.044 609.3256 180.0735 314.0654 -17.188751454018586
0 743.8416 1441.2954 314.1737 515.7499 22.91831180523293
0 1326.1077 264.9078 137.5112 234.7147 14.55312799632291
0 1611.683 927.5181 201.0361 458.7477 83.35367197638863
0 1414.4825 549.1458 181.3937 212.7203 -90.0
0 1443.7727 428.1939 131.1457 186.589 65.36279720928076
0 849.4218 206.984 130.06 187.2485 -14.369571042731309
0 1078.5094 394.4294 200.0 414.0 0.0
