0 582.7522 1033.343 240.0678 306.7118 4.0563131302826605
0 329.6413 934.9057 146.7668 160.2666 -1.6732648210255547
0 348.0646 621.3449 129.2862 163.1925 19.48056503444799
0 598.4385 606.2311 185.139 303.4206 -22.918329405326745
0 1301.6758 216.818 143.2691 155.525 11.459155902616464
0 706.471 1438.4409 255.4399 542.7329 41.207335084958515
0 1499.1001 804.618 187.3934 383.1864 84.2704044485979
0 1418.8577 550.2361 178.994 205.0774 84.2704044485979
0 1470.2249 476.1979 139.3275 230.1434 88.28110901451367
0 926.0623 222.9176 136.6408 233.1411 -2.9104151401148783
0 1359.4899 1102.2289 359.846 434.8337 -80.21410891840912
