0 598.9101 932.0644 262.7694 270.4299 -55.62253229215061
0 308.5224 903.849 152.8 169.2 0.0
0 381.6447 575.9134 141.6057 182.8275 25.210142985756224
0 589.8225 605.949 163.3601 287.2606 -22.918329405326745
0 969.5943 238.9554 110.4974 182.69 -6.875511141663708
0 1135.6224 195.0999 135.0 185.3019 0.0
0 1401.431 309.3643 138.7093 252.0034 32.0856365273261
0 1491.3516 490.1827 203.7829 227.8984 72.81124854598141
0 1413.1224 554.249 177.6 204.0 -90.0
0 1623.9808 714.7931 154.0487 221.7102 72.81124854598141
0 1101.9239 681.8202 335.6465 457.2998 -4.056330730376516
0 1097.4224 434.049 259.4 299.2 0.0
