0 581.9708 1035.3177 241.3473 310.7617 4.0563131302826605
0 324.4302 907.8929 169.6223 240.9071 -1.6732648210255547
0 340.9708 648.3176 132.1722 149.5736 19.48056503444799
0 604.4101 597.7952 170.9903 299.4058 -22.918329405326745
0 1209.4844 222.4822 111.9745 123.0337 5.729577951308232
0 1387.3906 345.2423 137.8539 152.7313 -69.37351937529036
0 1490.7949 809.8301 192.7398 359.056 84.2704044485979
0 1419.2371 553.9556 171.5164 205.0651 84.2704044485979
0 1435.0769 426.5095 138.3933 166.2558 71.09237516058897
0 974.7245 246.211 115.7995 199.2611 -2.9104151401148783
