0 579.91 1034.9568 243.3134 299.9479 4.0563131302826605
0 327.4318 931.6421 142.5402 153.6132 -1.6732648210255547
0 345.566 627.3565 132.2114 184.0287 19.48056503444799
0 590.7061 609.3573 201.8179 303.1573 -22.918329405326745
0 1272.0869 221.8528 123.9653 156.8562 17.188733853924695
0 1541.4151 1345.047 213.4774 511.5053 -50.511538300433955
0 1519.1949 794.7307 185.7495 336.7174 84.2704044485979
0 1418.8577 550.2361 178.994 205.0774 84.2704044485979
0 1451.7499 443.3416 153.1973 205.0453 68.8005439800657
0 919.0623 221.9176 136.6408 233.1411 -2.9104151401148783
0 1585.3788 1054.6201 328.9514 458.479 -89.38143364050228
