0 581.6171 1038.1583 241.6511 316.4788 4.0563131302826605
0 329.6413 934.9057 146.7668 160.2666 -1.6732648210255547
0 348.0646 621.3449 129.2862 163.1925 19.48056503444799
0 602.005 601.1463 174.6087 296.8317 -22.918329405326745
0 1244.4735 204.5854 131.9162 160.6187 6.875493541569878
0 694.8483 1440.4922 254.8268 548.5149 45.21803965087426
0 1494.2806 806.4581 184.694 373.2282 84.2704044485979
0 1418.8577 550.2361 178.994 205.0774 84.2704044485979
0 1467.5414 473.3631 145.1555 224.949 88.28110901451367
0 926.0623 222.9176 136.6408 233.1411 -2.9104151401148783
0 1356.6319 1103.6768 356.0209 429.6931 -80.21410891840912
