0 601.6316 928.8319 256.4094 281.3426 -55.62253229215061
0 314.3265 1026.9436 179.52 225.132 53.94926747112507
0 372.4429 596.693 150.0468 159.848 25.210142985756224
0 600.9933 602.1746 170.2119 302.1452 -17.188751454018586
0 1608.5577 1220.2736 189.1396 359.0257 -74.48453096710085
0 1109.5239 595.6613 252.6338 531.9754 0.0
0 1370.7318 297.3789 138.8024 259.8297 20.626480624709636
0 1664.4024 658.3685 165.8397 328.9011 72.81124854598141
0 1412.4825 553.1458 181.3937 212.7203 -90.0
0 1589.0776 842.9637 193.0816 476.0868 65.36279720928076
0 817.5385 203.5233 144.8523 200.2663 -14.369571042731309
0 1679.6915 955.4471 194.1222 380.0445 67.08167059467326
