0 603.834 978.0586 253.4195 290.9635 34.37746770784939
0 324.3881 1024.7794 159.6985 226.2545 48.219689519816825
0 306.827 700.2016 162.6074 222.6562 -70.51943496555201
0 586.1607 610.0048 203.1802 308.3396 -17.188751454018586
0 1471.5492 1369.8405 306.1841 451.4362 -54.74934348849672
0 735.1366 550.1144 405.5259 484.5853 64.78983941414998
0 1613.9937 879.9027 237.849 430.086 72.81124854598141
0 1414.4825 549.1458 181.3937 212.7203 -90.0
0 1409.4157 330.8555 130.8427 226.1897 14.433209053676535
0 880.1359 197.757 138.891 190.0296 -8.639993091423094
0 1145.8938 427.4494 215.0001 447.0 -1.7600093883629597e-05
