0 578.4494 1040.9494 241.2473 287.786 4.0563131302826605
0 327.4318 931.6421 142.5402 153.6132 -1.6732648210255547
0 345.566 627.3565 132.2114 184.0287 19.48056503444799
0 580.2026 613.8066 222.7861 301.8131 -22.918329405326745
0 1266.3597 218.814 128.9813 161.3118 16.04281826366305
0 1542.938 1341.5628 206.9887 510.6234 -50.511538300433955
0 1519.1949 794.7307 185.7495 336.7174 84.2704044485979
0 1418.8577 550.2361 178.994 205.0774 84.2704044485979
0 1441.0286 419.1039 163.6306 190.8036 65.36279720928076
0 914.4623 223.4176 136.6408 233.1411 -3.483372935245683
0 1699.5556 1111.1063 229.2796 382.6789 -83.46088885607696
