0 601.6316 928.8319 256.4094 281.3426 -55.62253229215061
0 1129.4633 642.1938 349.1777 584.7469 1.7644819497593858
0 368.1416 598.8995 137.3508 150.9761 25.210142985756224
0 572.3327 601.4495 195.48 266.8897 -17.188751454018586
0 875.1561 220.1007 107.9846 129.7569 -9.167342322186983
0 1178.1168 181.9134 128.0406 139.1356 4.583662361046586
0 1344.9885 287.1481 119.3112 202.9519 14.896902673401405
0 1434.092 433.8958 145.2566 171.4946 61.35209264336498
0 1407.6224 550.449 170.0 215.0 -90.0
0 1620.6433 713.53 162.4903 216.0799 72.81124854598141
0 972.4795 205.2519 113.9121 222.8396 -5.202246320638153
0 1081.4663 394.6694 231.8487 380.6069 5.729577951308232
