0 591.2876 985.2899 257.6022 275.5382 34.37746770784939
0 332.6224 889.149 153.0 155.0 0.0
0 367.7553 593.6566 149.437 178.3821 25.210142985756224
0 592.7865 612.9559 193.0212 323.9103 -22.918329405326745
0 943.6498 213.8109 108.5117 151.981 -5.156637756271323
0 1117.1224 193.5999 134.8 184.7019 0.0
0 1401.431 309.3643 138.7093 252.0034 32.0856365273261
0 1496.7516 491.9827 210.4137 237.1522 72.81124854598141
0 1417.1224 556.449 178.0 196.0 -90.0
0 1624.3636 713.6438 156.0185 223.1208 72.81124854598141
0 1333.8199 1010.5525 348.715 378.7002 -66.05036416353158
0 1110.6224 413.949 269.0 373.0 0.0
