0 600.2386 1006.0547 239.5185 253.0532 34.37746770784939
0 332.6224 889.949 153.0 155.0 0.0
0 336.0136 637.3673 141.4434 162.3653 25.210142985756224
0 588.7224 618.349 180.9361 318.0464 -22.918329405326745
0 849.9578 221.8838 96.7565 145.596 -9.167342322186983
0 1102.1224 180.5999 138.4 154.7019 0.0
0 1401.431 309.3643 138.7093 252.0034 32.0856365273261
0 1496.7516 491.9827 210.4137 237.1522 72.81124854598141
0 1417.1224 556.449 178.0 196.0 -90.0
0 1626.7261 702.9442 153.5407 229.7522 72.81124854598141
0 1542.0381 975.9345 200.0853 469.873 80.71806611878685
0 1110.6224 413.949 269.0 373.0 0.0
