0 580.8838 1030.9617 244.6909 308.0557 4.0563131302826605
0 327.4318 931.6421 142.5402 153.6132 -1.6732648210255547
0 354.5005 619.5079 118.3764 183.022 19.48056503444799
0 597.72 606.7112 186.8365 303.7455 -22.918329405326745
0 1272.5012 205.0256 138.8709 153.3645 11.459155902616464
0 1463.0928 1350.3923 269.2722 505.0627 -41.917171373471604
0 1520.2626 795.4337 184.1374 338.7016 84.2704044485979
0 1418.8577 550.2361 178.994 205.0774 84.2704044485979
0 1477.5564 480.628 130.0315 244.534 88.28110901451367
0 926.0623 222.9176 136.6408 233.1411 -2.9104151401148783
0 1675.4405 1109.2374 261.5954 414.7126 -85.94368686971734
