0 601.6316 928.8319 256.4094 281.3426 -55.62253229215061
0 1129.5473 641.0691 341.5211 585.4744 1.1915241546285529
0 368.1416 598.8995 137.3508 150.9761 25.210142985756224
0 571.6327 601.7495 196.9948 266.7302 -17.188751454018586
0 877.1561 220.1007 107.9846 129.7569 -9.167342322186983
0 1182.8202 183.1633 128.1411 140.6869 5.729577951308232
0 1344.7965 286.29 120.1233 204.5118 14.896902673401405
0 1433.692 434.2958 145.2566 171.4946 61.35209264336498
0 1407.6224 550.449 170.0 215.0 -90.0
0 1620.4995 712.7353 164.0938 216.2748 72.81124854598141
0 973.5688 204.5776 113.9907 222.1687 -5.775204115768986
0 1080.7423 394.1326 230.3008 381.5304 5.729577951308232
