0 574.8838 1044.9263 250.2365 300.0064 4.0563131302826605
0 327.4318 931.6421 142.5402 153.6132 -1.6732648210255547
0 346.84 634.2387 132.0275 175.5336 25.210142985756224
0 581.9138 618.4141 176.1486 299.2451 -22.918329405326745
0 870.8288 1046.6373 304.1117 365.3419 -74.24366063390235
0 1530.136 1342.219 249.6939 496.2497 -50.511538300433955
0 1535.5211 793.6396 172.7214 352.9766 84.2704044485979
0 1416.8577 552.2361 178.994 205.0774 84.2704044485979
0 1435.5535 434.7676 123.2593 174.4458 71.09237516058897
0 1123.2039 200.3291 123.1396 193.5312 2.8191628111933653
0 1160.038 743.7022 325.0648 387.3726 67.65462838980409
