0 601.6316 928.8319 256.4094 281.3426 -55.62253229215061
0 333.4017 923.1696 198.0705 293.9022 -81.93298230380157
0 374.9446 590.1905 141.4211 153.653 25.210142985756224
0 584.1484 608.6783 174.7632 287.6605 -17.188751454018586
0 981.5633 245.2671 141.9797 174.4877 -8.59438452705615
0 1126.3668 182.1253 126.4748 158.0423 5.729577951308232
0 1382.1676 296.655 167.0812 260.9562 20.626480624709636
0 1401.5044 417.981 151.9138 158.0795 -17.188751454018586
0 1412.4825 553.1458 181.3937 212.7203 -90.0
0 1570.1256 456.5542 240.5913 260.3267 -39.534105464120614
0 957.4826 205.1458 104.309 189.0822 -8.639993091423094
0 1111.0301 412.1202 180.7846 430.5425 0.0
