0 581.9009 1036.9544 241.2552 314.037 4.0563131302826605
0 329.6413 934.9057 146.7668 160.2666 -1.6732648210255547
0 348.0646 621.3449 129.2862 163.1925 19.48056503444799
0 601.5325 602.1374 176.2511 298.2894 -22.918329405326745
0 1254.749 207.2936 134.7544 159.3453 8.021409131831525
0 691.3485 1433.4207 249.7668 546.0287 45.21803965087426
0 1495.4855 805.998 185.3688 375.7177 84.2704044485979
0 1418.8577 550.2361 178.994 205.0774 84.2704044485979
0 1466.2689 472.6543 146.649 222.4477 88.28110901451367
0 926.0623 222.9176 136.6408 233.1411 -2.9104151401148783
0 1356.6319 1103.6768 356.0209 429.6931 -80.21410891840912
