0 601.6316 928.8319 256.4094 281.3426 -55.62253229215061
0 270.9725 894.449 165.6751 205.8685 -84.27042204869177
0 370.8882 597.3903 163.7767 168.1244 19.48056503444799
0 608.4381 601.7422 151.6846 245.1905 -17.188751454018586
0 913.9204 216.975 132.7822 135.734 -3.437764370878824
0 1122.1224 161.0999 117.3019 120.0 -90.0
0 1332.9768 283.0718 128.4559 212.2013 14.896902673401405
0 1458.4139 450.6206 175.0582 199.9008 72.81124854598141
0 1416.1224 553.449 176.0 198.0 -90.0
0 1618.2185 718.7089 158.1248 208.386 72.81124854598141
0 934.5579 430.6547 232.328 460.8368 -10.358866476815592
0 1119.1224 391.449 190.0 418.0 0.0
