0 590.7853 988.0511 259.8913 280.6634 34.37746770784939
0 332.6224 887.949 153.0 155.0 0.0
0 376.4947 585.0634 146.7948 180.9372 25.210142985756224
0 587.6261 613.3573 201.2688 320.6307 -22.918329405326745
0 950.1838 217.6742 113.5939 152.901 -6.302553346532932
0 1123.6224 193.0999 135.0 185.3019 0.0
0 1401.431 309.3643 138.7093 252.0034 32.0856365273261
0 1496.7516 491.9827 210.4137 237.1522 72.81124854598141
0 1417.1224 556.449 178.0 196.0 -90.0
0 1623.9808 714.7931 154.0487 221.7102 72.81124854598141
0 1269.246 939.0794 294.9859 386.4381 39.3431210309097
0 1110.6224 413.949 269.0 373.0 0.0
