0 581.9708 1035.3177 241.3473 310.7617 4.0563131302826605
0 334.1413 928.9057 148.5345 156.1134 88.32673517897445
0 348.0646 621.3449 129.2862 163.1925 19.48056503444799
0 598.4776 602.6552 182.282 296.8639 -22.918329405326745
0 1210.4718 225.4148 103.9924 122.7922 -84.27042204869177
0 1574.8851 426.9895 169.4978 220.9741 46.72791675657136
0 1498.2424 806.6402 193.0739 370.6422 84.2704044485979
0 1418.8577 550.2361 178.994 205.0774 84.2704044485979
0 1411.3444 427.0424 128.674 160.4427 -15.724500512782186
0 974.7245 246.211 115.7995 199.2611 -2.9104151401148783
0 1805.344 1209.9155 132.51 268.7473 -71.93807734242142
