0 581.9708 1035.3177 241.3473 310.7617 4.0563131302826605
0 334.1413 928.9057 148.5345 156.1134 88.32673517897445
0 348.0646 621.3449 129.2862 163.1925 19.48056503444799
0 598.4776 602.6552 182.282 296.8639 -22.918329405326745
0 1242.0077 199.8127 136.5201 160.2516 11.459155902616464
0 1566.6161 1334.4084 277.0081 427.7111 -73.42985010566687
0 1498.6444 807.3959 187.3341 368.1943 84.2704044485979
0 1418.8577 550.2361 178.994 205.0774 84.2704044485979
0 1469.4515 473.5276 144.7121 228.7573 88.28110901451367
0 974.9066 245.3757 120.3445 195.8168 -2.9104151401148783
0 1282.1356 1199.0072 338.1513 392.2487 -51.566219161867934
