0 598.7802 1066.2998 200.1773 394.1061 34.37746770784939
0 318.1224 901.949 149.0 156.0 -90.0
0 389.1225 591.449 139.3199 140.7479 -64.78985701424378
0 587.9893 623.4427 183.8025 320.922 -22.918329405326745
0 942.6224 274.949 129.0 129.0 0.0
0 1186.9952 193.0309 120.0857 178.1426 11.459155902616464
0 1401.431 309.3643 138.7093 252.0034 32.0856365273261
0 1497.5858 489.0447 205.2931 240.4825 72.81124854598141
0 1417.1224 556.449 178.0 196.0 -90.0
0 1620.5048 704.207 148.8262 221.0912 72.81124854598141
0 1564.8367 878.2171 210.6712 442.3226 68.8005439800657
0 1098.6224 439.949 261.0 321.0 0.0
