0 581.3333 1039.3621 242.0469 318.9205 4.0563131302826605
0 329.6413 934.9057 146.7668 160.2666 -1.6732648210255547
0 348.0646 621.3449 129.2862 163.1925 19.48056503444799
0 594.9776 604.4052 190.0924 297.3617 -22.918329405326745
0 1229.1979 197.8773 129.078 161.8921 11.459155902616464
0 888.9559 1473.1967 295.5686 530.993 21.153812255379705
0 1500.0757 808.9181 184.0191 370.7386 84.2704044485979
0 1418.8577 550.2361 178.994 205.0774 84.2704044485979
0 1473.8103 468.5409 154.4195 237.77 88.28110901451367
0 945.3556 231.1925 144.8032 226.0404 -6.921119706030652
0 1356.6319 1103.6768 356.0209 429.6931 -78.49523553301663
