0 581.8384 1035.5777 241.5746 311.2992 4.0563131302826605
0 321.1205 948.8177 158.7382 171.197 -1.6732648210255547
0 340.9708 648.3176 132.1722 149.5736 19.48056503444799
0 599.3081 601.418 184.4671 294.2837 -22.918329405326745
0 1209.4844 222.4822 111.9745 123.0337 5.729577951308232
0 1335.5511 313.8 158.0003 164.0658 -69.37351937529036
0 1500.099 806.8633 188.6937 378.1636 84.2704044485979
0 1419.2371 553.9556 171.5164 205.0651 84.2704044485979
0 1604.1917 521.401 160.3458 253.7667 56.768430282318434
0 985.4009 243.8114 125.2823 196.9404 -2.9104151401148783
