0 582.5338 1034.7263 250.2365 300.0064 4.0563131302826605
0 324.4318 933.6421 148.6545 149.7901 -1.6732648210255547
0 341.84 636.2387 132.0275 175.5336 25.210142985756224
0 576.5546 620.0404 187.2877 298.067 -22.918329405326745
0 937.0363 1468.03 278.8292 510.6225 11.459155902616464
0 1540.261 1336.2305 209.9659 511.6909 -50.511538300433955
0 1531.3828 795.4645 175.5267 344.377 84.2704044485979
0 1413.896 558.8961 178.4649 217.1615 84.2704044485979
0 1430.4252 430.5893 134.4886 167.4504 71.09237516058897
0 1121.3597 195.1671 127.3314 183.401 2.8191628111933653
0 1162.7452 439.7204 163.7859 446.3365 11.459155902616464
