0 580.8838 1030.9617 244.6909 308.0557 4.0563131302826605
0 327.4318 931.6421 142.5402 153.6132 -1.6732648210255547
0 343.6956 633.8145 131.4307 197.4528 19.48056503444799
0 597.72 606.7112 186.8365 303.7455 -22.918329405326745
0 1294.6275 222.2829 132.7575 157.1695 17.188733853924695
0 1525.7136 1347.1482 218.1341 496.9114 -50.511538300433955
0 1522.0393 796.8462 180.9717 341.9554 84.2704044485979
0 1418.8577 550.2361 178.994 205.0774 84.2704044485979
0 1473.5113 475.6246 135.3196 234.7784 88.28110901451367
0 922.5623 222.4176 136.6408 233.1411 -2.9104151401148783
0 1366.5079 1048.7964 353.0604 397.2221 -51.566219161867934
