0 601.6316 928.8319 256.4094 281.3426 -55.62253229215061
0 323.8313 1093.8652 128.9604 358.9805 87.18081958871284
0 364.699 594.3846 153.875 156.0069 -64.78985701424378
0 584.1484 608.6783 174.7632 287.6605 -17.188751454018586
0 921.1212 248.226 128.1409 193.6552 -8.021426731925374
0 1151.5668 185.7253 126.4748 158.0423 10.313240312354818
0 1369.5435 294.5 141.9332 256.0956 20.626480624709636
0 1408.6525 416.0713 157.5034 166.7002 72.81124854598141
0 1412.4825 553.1458 181.3937 212.7203 -90.0
0 1646.4752 651.0767 249.4163 290.4466 75.67603752163552
0 957.3383 201.3744 107.1053 184.2645 -8.639993091423094
0 1074.1087 405.2434 221.5416 412.2961 4.583662361046586
