0 601.6316 928.8319 256.4094 281.3426 -55.62253229215061
0 1022.1368 804.2338 301.8093 481.3712 -37.76960591426746
0 380.7282 574.7841 139.2846 161.5945 25.210142985756224
0 569.5327 613.3995 207.8928 245.712 -17.188751454018586
0 884.3561 221.5007 107.9846 129.7569 -9.167342322186983
0 1206.3371 189.4123 128.644 148.4433 11.459155902616464
0 1345.237 276.3993 124.184 212.3112 14.896902673401405
0 1431.692 436.2958 145.2566 171.4946 61.35209264336498
0 1407.6224 550.449 170.0 215.0 -90.0
0 1625.0304 714.3618 158.3083 223.9707 72.81124854598141
0 984.6152 209.6062 114.3841 218.8143 -4.629288525507349
0 1098.8225 400.199 232.9413 380.8581 5.729577951308232
