0 1372.5959 1289.7371 245.6326 482.0693 -48.17408095544991
0 320.29 991.5813 142.0059 210.9579 65.40842337374147
0 344.8166 653.826 140.7647 158.9584 19.48056503444799
0 601.8483 609.3494 172.819 316.3594 -17.188751454018586
0 691.196 1416.696 294.2524 526.7969 45.83662361046586
0 1284.896 277.896 197.0248 224.4072 -2.2918487806171015
0 1538.5368 799.5155 180.0991 339.1024 84.2704044485979
0 1417.6328 551.8236 180.7453 204.4326 84.2704044485979
0 1431.0824 432.3473 137.7088 165.7147 71.09237516058897
0 873.5542 200.451 120.9514 174.6028 -10.358866476815592
0 1077.5781 402.5136 190.2128 413.0018 -1.7600093883629597e-05
