0 581.2575 1031.438 243.7663 307.7869 4.0563131302826605
0 327.4318 931.6421 142.5402 153.6132 -1.6732648210255547
0 350.0736 616.2034 128.9276 174.2268 19.48056503444799
0 597.72 606.7112 186.8365 303.7455 -22.918329405326745
0 1302.5527 214.5144 140.1462 154.1035 11.459155902616464
0 919.7758 1480.2244 327.9359 546.7339 29.175221387211252
0 1530.6413 794.5057 186.3038 347.7206 84.2704044485979
0 1418.8577 550.2361 178.994 205.0774 84.2704044485979
0 1473.814 477.572 136.3652 237.2359 88.28110901451367
0 926.0623 222.9176 136.6408 233.1411 -2.9104151401148783
0 1807.2502 1142.8844 144.5077 281.3209 89.47265076923611
