0 602.4316 917.8319 270.2409 275.4703 34.37746770784939
0 304.4224 915.749 153.0 155.0 0.0
0 362.7724 589.0636 155.5678 156.0417 19.48056503444799
0 610.4381 603.7422 151.6846 245.1905 -17.188751454018586
0 907.1301 250.2585 109.4881 187.0371 -11.459173502710257
0 1130.7224 176.7999 113.2 151.1019 0.0
0 1394.631 305.9643 142.655 250.2281 32.0856365273261
0 1459.2285 448.3111 164.8862 191.2695 72.81124854598141
0 1416.1224 553.449 176.0 198.0 -90.0
0 1623.9808 714.7931 154.0487 221.7102 72.81124854598141
0 1117.2185 632.6615 324.5891 497.0391 0.5273316306700622
0 1103.8224 372.249 175.8 339.6 0.0
