0 599.2959 1070.531 203.9853 351.0244 32.70420288682379
0 324.4318 933.6421 148.6545 149.7901 -1.6732648210255547
0 340.0446 648.8317 139.5065 151.2171 25.210142985756224
0 574.8626 624.7091 231.872 301.6247 -22.918329405326745
0 948.2516 1480.4773 299.9374 522.6626 6.875493541569878
0 1569.9863 425.5083 138.4983 247.8958 43.54479242994257
0 1543.896 796.3961 182.5221 345.6115 84.2704044485979
0 1415.9493 557.4494 175.996 221.5364 84.2704044485979
0 1430.4252 430.5893 134.4886 167.4504 71.09237516058897
0 959.5121 224.2 131.3387 242.1449 -8.639993091423094
0 1118.396 424.981 172.8934 443.9366 5.729577951308232
