0 601.6316 928.8319 256.4094 281.3426 -55.62253229215061
0 1119.9507 675.7367 379.7638 555.0914 5.202228720544326
0 368.1416 598.8995 137.3508 150.9761 25.210142985756224
0 572.9327 601.8495 194.5701 265.7708 -17.188751454018586
0 866.9561 220.5007 107.9846 129.7569 -9.167342322186983
0 1153.9033 177.1142 126.8383 136.5305 0.0
0 1351.8561 286.7806 121.5153 201.888 14.896902673401405
0 1435.692 431.8958 145.9587 171.8782 61.35209264336498
0 1407.6224 550.449 170.0 215.0 -90.0
0 1620.6185 717.1089 156.4863 213.9173 72.81124854598141
0 964.5885 207.1512 111.5295 224.0152 -4.056330730376516
0 1088.2142 399.3428 237.4321 381.9302 4.583662361046586
