0 603.4536 1072.7038 213.3304 351.8604 32.70420288682379
0 326.4318 934.4421 148.6545 149.7901 -1.6732648210255547
0 340.0446 648.8317 139.5065 151.2171 25.210142985756224
0 577.6698 619.3989 215.7358 308.9388 -20.626498224803527
0 957.5419 1480.4353 356.7643 509.6911 4.583662361046586
0 1432.1387 310.897 142.5831 222.2039 18.334649444186343
0 1543.896 796.3961 182.5221 345.6115 84.2704044485979
0 1415.9493 557.4494 175.996 221.5364 84.2704044485979
0 1430.4252 430.5893 134.4886 167.4504 71.09237516058897
0 959.5121 224.2 131.3387 242.1449 -8.639993091423094
0 1125.596 424.981 172.8934 443.9366 5.729577951308232
