0 601.6316 928.8319 256.4094 281.3426 -55.62253229215061
0 309.1923 905.3227 147.0573 151.1246 -84.27042204869177
0 371.0114 595.7164 164.2265 167.5918 19.48056503444799
0 600.4381 603.7422 151.6846 245.1905 -17.188751454018586
0 892.8877 223.2069 108.2287 149.0064 -3.437764370878824
0 1122.1224 161.0999 117.3019 120.0 -90.0
0 1359.4702 289.5576 178.5526 210.3317 16.04281826366305
0 1460.3756 455.3315 164.8979 197.8615 72.81124854598141
0 1416.1224 553.449 176.0 198.0 -90.0
0 1618.2185 718.7089 158.1248 208.386 72.81124854598141
0 1112.332 493.8778 272.9675 478.8754 1.5586556619055614
0 1124.1224 305.129 186.0 238.64 0.0
