0 590.6178 988.9716 260.6544 282.3718 34.37746770784939
0 332.6224 887.549 153.0 155.0 0.0
0 378.2447 583.7134 145.757 181.3152 25.210142985756224
0 586.0018 613.3816 204.2798 319.4103 -22.918329405326745
0 950.1885 219.2039 114.4791 153.3056 -6.875511141663708
0 1125.4224 192.6999 135.0 185.3019 0.0
0 1401.431 309.3643 138.7093 252.0034 32.0856365273261
0 1496.7516 491.9827 210.4137 237.1522 72.81124854598141
0 1417.1224 556.449 178.0 196.0 -90.0
0 1623.9808 714.7931 154.0487 221.7102 72.81124854598141
0 1242.3826 919.7654 312.6486 379.6071 46.60054823871378
0 1110.6224 413.949 269.0 373.0 0.0
