0 1457.2456 1382.0878 273.2416 481.1287 -44.163376389534136
0 317.49 992.2813 142.0059 210.9579 65.40842337374147
0 336.7961 636.496 144.5804 163.6929 19.48056503444799
0 601.8483 609.3494 172.819 316.3594 -17.188751454018586
0 697.8427 1416.8427 222.7844 534.2051 45.83662361046586
0 1285.1876 289.4419 197.3655 247.5038 -2.2918487806171015
0 1536.3523 801.8438 175.9018 343.9145 84.2704044485979
0 1425.6328 551.8236 180.7453 204.4326 84.2704044485979
0 1429.7176 431.0745 141.0015 159.3724 71.09237516058897
0 845.1123 206.2417 149.8951 168.8432 -10.931824271946397
0 1049.0119 405.6807 237.745 415.736 -6.875511141663708
