0 598.7802 1066.2998 200.1773 394.1061 34.37746770784939
0 326.1224 888.449 140.0 168.0 0.0
0 364.8252 615.9333 143.2223 146.7664 -67.65464598989789
0 576.5264 637.2608 193.1553 316.1117 -22.918329405326745
0 942.6224 274.949 129.0 129.0 0.0
0 1179.5357 194.141 126.9458 168.9013 5.729577951308232
0 1401.431 309.3643 138.7093 252.0034 32.0856365273261
0 1501.3725 484.449 207.2656 250.434 72.81124854598141
0 1417.1224 556.449 178.0 196.0 -90.0
0 1618.6224 726.449 157.6966 218.6888 78.54082649728974
0 1536.3226 959.8651 251.7975 458.1435 80.25969988268213
0 1098.6224 439.949 261.0 321.0 0.0
