0 601.6316 928.8319 256.4094 281.3426 -55.62253229215061
0 918.9134 887.7867 354.6099 389.7021 87.75377738384361
0 368.1416 598.8995 137.3508 150.9761 25.210142985756224
0 569.0722 607.4365 205.2485 257.3776 -17.188751454018586
0 879.4561 220.7007 107.9846 129.7569 -9.167342322186983
0 1178.981 180.8522 116.1937 142.2546 8.021409131831525
0 1377.8925 272.7079 147.0683 221.2536 14.896902673401405
0 1444.092 431.6958 138.2554 186.8133 61.35209264336498
0 1407.6224 550.449 170.0 215.0 -90.0
0 1618.2185 718.7089 158.1248 208.386 72.81124854598141
0 970.5215 212.3523 131.3263 219.3986 -4.629288525507349
0 1103.6224 409.449 235.0 402.0 0.0
