0 600.6251 926.3061 254.8538 261.3926 -55.62253229215061
0 330.2644 1023.634 153.0866 231.3067 53.94926747112507
0 387.7361 591.7601 127.3496 174.6733 3.437746770784939
0 603.5677 604.0178 147.7275 291.7657 -17.188751454018586
0 1706.4289 1026.4324 123.7953 318.1032 83.28470658182317
0 1506.4593 1331.1741 223.9448 451.5476 -63.02537506448442
0 1213.6492 195.1945 114.4301 178.4363 4.583662361046586
0 1660.2434 838.5553 145.7314 295.3445 73.72798101819075
0 1412.4825 553.1458 181.3937 212.7203 -90.0
0 1605.2141 747.2156 165.7786 385.1644 66.50871279954248
0 843.3212 204.1862 152.2773 183.8079 -9.556725563632426
0 1101.7804 402.3302 167.0196 417.2108 10.313240312354818
