0 601.6316 928.8319 256.4094 281.3426 -55.62253229215061
0 320.992 1022.8011 178.3732 240.7857 53.94926747112507
0 365.3333 598.949 163.5827 170.2279 25.210142985756224
0 600.9933 602.1746 170.2119 302.1452 -17.188751454018586
0 1694.7843 1064.2974 145.8163 341.6942 -88.23551805024061
0 1507.0403 1337.3712 266.5889 453.6406 -63.02537506448442
0 1298.3769 230.1826 153.3919 222.4567 12.605071492878112
0 1668.2279 806.7779 183.9382 288.911 -55.62253229215061
0 1412.4825 553.1458 181.3937 212.7203 -90.0
0 1587.1005 837.0617 166.103 471.7468 68.8005439800657
0 835.4782 197.917 163.4084 193.5665 -12.077739862208034
0 1090.1733 485.2993 275.6649 481.9933 -1.7600093883629597e-05
