0 580.8838 1030.9617 244.6909 308.0557 4.0563131302826605
0 327.4318 931.6421 142.5402 153.6132 -1.6732648210255547
0 344.8903 632.3749 129.4712 186.3803 19.48056503444799
0 597.72 606.7112 186.8365 303.7455 -22.918329405326745
0 1267.6396 209.1057 134.5915 156.028 11.459155902616464
0 1520.8648 1343.8935 223.9439 497.7329 -48.792664915041485
0 1524.8838 798.9617 176.1939 347.1935 84.2704044485979
0 1418.8577 550.2361 178.994 205.0774 84.2704044485979
0 1472.9748 475.7256 135.8953 235.6691 88.28110901451367
0 926.0623 222.9176 136.6408 233.1411 -2.9104151401148783
0 1498.5158 1043.4348 242.0329 532.0671 -87.66256025510978
