0 610.9207 1074.1398 227.4487 348.7163 32.70420288682379
0 327.8318 932.8421 148.6545 149.7901 -1.6732648210255547
0 339.0406 650.3004 138.9409 154.73 25.210142985756224
0 599.2804 608.0335 163.7737 314.6883 -17.188751454018586
0 1087.4048 1470.3726 342.6477 489.6 -8.021426731925374
0 1321.0862 284.1456 136.7185 255.5607 12.605071492878112
0 1543.896 796.3961 182.5221 345.6115 84.2704044485979
0 1415.9493 557.4494 175.996 221.5364 84.2704044485979
0 1432.0252 430.5893 134.4886 167.4504 71.09237516058897
0 962.7121 222.6 131.3387 242.1449 -6.348161910899819
0 1131.596 426.581 172.8934 443.9366 3.437746770784939
