0 317.9106 1029.4869 128.8959 179.6483 49.89293674074855
0 344.4802 643.3794 133.4548 146.2186 32.70420288682379
0 549.3555 544.7987 155.9501 227.5382 61.35209264336498
0 581.1216 1085.9912 185.5639 260.5805 34.37746770784939
0 1573.1304 799.9131 187.6793 253.3544 83.12448885833629
0 1408.3831 548.7707 180.4053 182.4165 84.2704044485979
0 1315.9826 321.9336 151.3176 152.4423 1.673247220931728
0 1191.7697 223.896 100.3661 118.7324 -1.1459331903554926
0 969.7464 224.6006 115.2681 154.625 -1.7600093883629597e-05
0 1074.6047 1090.2592 375.2825 378.7127 81.36000690857689
