0 601.6316 928.8319 256.4094 281.3426 -55.62253229215061
0 318.3899 945.691 170.8455 181.9826 88.32673517897445
0 376.083 589.7245 139.8004 153.6283 25.210142985756224
0 579.3311 611.6472 194.7104 294.5055 -17.188751454018586
0 995.0238 306.2016 142.9509 262.6239 -3.437764370878824
0 1172.1085 188.9769 126.5963 158.5251 5.729577951308232
0 1360.9666 284.1984 149.9615 248.3678 20.626480624709636
0 1420.1577 358.6846 178.3658 244.6318 19.60804926773909
0 1412.4825 553.1458 181.3937 212.7203 -90.0
0 1617.6538 540.8167 182.9617 272.2227 53.57625322252653
0 944.6323 191.4815 108.2557 158.4705 -8.639993091423094
0 1128.9315 453.041 236.7124 425.9719 4.092580234839958
