0 602.0316 927.2319 259.5022 280.196 -55.62253229215061
0 312.8224 904.549 153.0 155.0 4.583662361046586
0 364.9724 592.4636 151.0983 161.9836 -70.51943496555201
0 610.4381 603.7422 151.6846 245.1905 -17.188751454018586
0 873.677 229.1749 112.33 143.3932 -14.896920273495255
0 1133.3224 164.3999 118.4 120.7019 0.0
0 1341.5204 300.8102 170.8513 248.1494 18.334649444186343
0 1456.0756 452.7915 169.4718 189.437 72.81124854598141
0 1416.1224 553.449 176.0 198.0 -90.0
0 1619.371 717.9258 157.3096 211.0508 72.81124854598141
0 1099.6371 585.2749 296.451 510.0577 -2.9104151401148783
0 1115.9224 313.249 171.6 253.6 0.0
