0 570.0715 956.3739 241.941 323.1559 -55.62253229215061
0 324.2224 892.949 153.0 159.4 -90.0
0 360.5225 614.449 139.3199 140.7479 -64.78985701424378
0 582.1224 623.949 172.1806 314.7996 -22.918329405326745
0 846.4807 236.017 119.7384 143.8974 -9.167342322186983
0 1091.4058 192.0999 129.4333 187.3019 0.0
0 1401.431 309.3643 138.7093 252.0034 32.0856365273261
0 1496.7516 491.9827 210.4137 237.1522 72.81124854598141
0 1417.1224 556.449 178.0 196.0 -90.0
0 1626.0048 702.707 140.0701 225.7099 72.81124854598141
0 1565.1224 879.949 207.2353 443.0424 68.8005439800657
0 1109.6224 416.449 267.0 368.0 0.0
