0 602.7802 1065.2998 200.1773 394.1061 34.37746770784939
0 314.1224 906.449 132.0 156.0 0.0
0 375.5855 599.4736 127.9156 151.3728 19.48056503444799
0 588.6889 632.2472 166.8458 316.3487 -22.918329405326745
0 942.6224 274.949 129.0 129.0 0.0
0 1218.8678 201.6116 139.3064 176.1629 11.459155902616464
0 1357.502 291.1886 149.6657 280.2174 17.761691649055518
0 1481.1225 475.949 196.4307 232.3273 72.81124854598141
0 1424.1224 554.449 182.0 210.0 -90.0
0 1620.6792 710.1069 187.1503 205.5327 72.81124854598141
0 1552.3731 962.4873 223.4433 468.4451 79.40026318998588
0 1104.1224 440.949 258.0 323.0 0.0
