0 603.5802 1069.4998 200.1773 394.1061 34.37746770784939
0 327.7224 884.849 143.2 163.2 0.0
0 380.5855 592.4736 127.9156 151.3728 19.48056503444799
0 588.6889 632.2472 166.8458 316.3487 -22.918329405326745
0 942.6224 274.949 129.0 129.0 0.0
0 1216.3271 199.8885 133.6417 178.1209 11.459155902616464
0 1376.4264 297.0316 153.1811 271.914 20.626480624709636
0 1481.1225 475.949 196.4307 232.3273 72.81124854598141
0 1429.1224 552.449 186.0 220.0 -90.0
0 1618.7561 703.7722 211.2452 212.0921 -17.188751454018586
0 1554.3007 969.0693 217.1901 443.9001 80.25969988268213
0 1107.6224 441.149 265.0 323.4 0.0
