0 1447.6009 1378.5711 259.5644 475.5186 -44.163376389534136
0 319.6162 984.2588 139.5929 203.6682 66.55433896400316
0 371.5329 560.5867 136.1402 249.6272 -68.22760378502872
0 601.8483 609.3494 172.819 316.3594 -17.188751454018586
0 777.4616 1454.6645 301.5649 507.3094 17.188733853924695
0 1344.1674 275.5899 144.9416 189.2853 6.875493541569878
0 1496.8265 808.6613 241.6798 343.6778 77.39491090702802
0 1483.2584 558.6038 168.3137 176.3167 72.81124854598141
0 1433.1456 433.4321 147.684 164.3305 71.09237516058897
0 906.9118 223.6439 141.5545 222.4887 -2.9104151401148783
0 1098.4494 399.9494 239.0 416.0 0.0
