0 1496.2889 1336.0895 255.6155 475.1607 -44.163376389534136
0 315.8606 948.732 180.8469 190.1525 -88.80847584537145
0 686.935 346.711 274.9353 394.125 59.58761069360562
0 599.8247 609.3368 176.6778 315.1392 -17.188751454018586
0 745.7864 1438.8048 312.5308 509.6473 22.91831180523293
0 1281.4148 243.2018 170.9591 216.2656 12.032113697747286
0 1579.9085 919.3119 216.5668 470.8227 84.2704044485979
0 1414.4825 549.1458 181.3937 212.7203 -90.0
0 1417.4061 421.8385 155.8189 192.7732 65.36279720928076
0 848.1418 207.144 130.06 187.2485 -14.369571042731309
0 1079.9494 393.9494 200.0 414.0 0.0
