0 1467.9854 1330.6854 218.1302 510.9214 -44.163376389534136
0 317.49 992.2813 142.0059 210.9579 65.40842337374147
0 347.1603 660.8249 133.313 164.0107 19.48056503444799
0 601.8483 609.3494 172.819 316.3594 -17.188751454018586
0 707.0853 1431.2854 279.9588 528.2785 45.83662361046586
0 1284.9543 280.2052 197.093 229.0265 -2.2918487806171015
0 1538.5368 799.5155 180.0991 339.1024 84.2704044485979
0 1419.2328 551.8236 180.7453 204.4326 84.2704044485979
0 1428.303 429.7744 144.3781 161.2063 71.09237516058897
0 837.1546 207.9324 155.0652 174.1097 -14.369571042731309
0 1053.8119 403.8807 237.745 415.736 -1.7600093883629597e-05
