0 601.6316 928.8319 256.4094 281.3426 -55.62253229215061
0 307.2969 1001.4737 176.6698 216.4772 69.41912793965727
0 376.083 589.7245 139.8004 153.6283 25.210142985756224
0 600.9933 602.1746 170.2119 302.1452 -17.188751454018586
0 1026.9188 430.1922 160.4788 352.5168 -3.437764370878824
0 1194.2529 192.6939 127.8917 163.6747 5.729577951308232
0 1324.9661 255.6277 133.0871 166.4439 20.626480624709636
0 1415.4058 336.8289 192.1539 222.1857 21.818004779338196
0 1412.4825 553.1458 181.3937 212.7203 -90.0
0 1601.1539 696.6175 208.2863 319.0847 60.77913484823415
0 947.6009 211.2217 120.7447 201.453 -8.067035296292289
0 1185.4148 776.4275 330.5531 440.2357 76.24899531676641
