0 601.6316 928.8319 256.4094 281.3426 -55.62253229215061
0 330.2099 1055.425 219.8873 339.9715 84.2704044485979
0 363.5888 612.199 156.8569 166.7905 -70.51943496555201
0 580.1224 608.449 188.5548 263.4902 -17.188751454018586
0 859.1561 222.1007 107.9846 129.7569 -9.167342322186983
0 1125.9224 168.2999 130.9019 131.6 -90.0
0 1349.9768 283.5718 154.5777 246.2614 14.896902673401405
0 1416.9019 427.0426 163.5275 164.9367 -26.356076176111742
0 1416.1224 553.449 176.0 198.0 -90.0
0 1618.2185 718.7089 158.1248 208.386 72.81124854598141
0 1001.6855 235.3362 151.4285 249.7863 -1.7644995498532126
0 1102.7673 397.8053 187.0034 422.5399 1.1459155902616465
