0 603.5057 1037.2601 229.4348 361.36 34.07930159513779
0 324.4318 933.6421 148.6545 149.7901 -1.6732648210255547
0 340.0446 648.8317 139.5065 151.2171 25.210142985756224
0 578.4683 622.0475 223.1569 297.7895 -22.918329405326745
0 965.3423 1476.1113 314.6919 519.0295 11.229972784564136
0 1675.5104 760.5201 198.4517 386.0529 76.77634454753031
0 1523.6848 797.3049 181.8253 310.845 84.2704044485979
0 1415.9493 557.4494 175.996 221.5364 84.2704044485979
0 1430.4252 430.5893 134.4886 167.4504 71.09237516058897
0 978.8742 221.3794 106.8755 235.7978 -5.8897956747951525
0 1119.596 424.981 172.8934 443.9366 5.729577951308232
