0 591.6224 983.449 256.0761 272.1214 34.37746770784939
0 332.6224 889.949 153.0 155.0 0.0
0 357.2764 605.4428 150.5703 174.7842 25.210142985756224
0 596.61 612.25 188.5703 325.5879 -22.918329405326745
0 930.6006 212.2036 101.8881 151.7596 -5.156637756271323
0 1111.3224 192.9999 134.4 183.5019 0.0
0 1401.431 309.3643 138.7093 252.0034 32.0856365273261
0 1496.7516 491.9827 210.4137 237.1522 72.81124854598141
0 1417.1224 556.449 178.0 196.0 -90.0
0 1625.129 711.3452 159.9581 225.9418 72.81124854598141
0 1400.1253 1072.0579 296.5641 460.4338 -75.44687200367709
0 1110.6224 413.949 269.0 373.0 0.0
