0 601.6316 928.8319 256.4094 281.3426 -55.62253229215061
0 306.3045 989.3593 174.3106 202.2613 76.86757927635796
0 376.083 589.7245 139.8004 153.6283 25.210142985756224
0 598.6443 603.6662 175.5816 300.6837 -17.188751454018586
0 1030.4329 375.0002 154.1792 324.5475 0.19096683311710339
0 1196.1529 192.9939 127.8917 163.6747 5.729577951308232
0 1329.435 255.1117 126.9726 145.3977 20.626480624709636
0 1397.9178 336.3509 171.8317 228.8903 21.24504698420742
0 1412.4825 553.1458 181.3937 212.7203 -90.0
0 1629.4421 644.5148 185.527 309.1032 57.723379039463
0 946.2871 207.5625 117.586 193.9767 -8.639993091423094
0 1203.7296 560.962 270.0282 479.875 4.77462919416369
