0 601.6316 928.8319 256.4094 281.3426 -55.62253229215061
0 329.6341 982.0323 176.6575 330.9313 89.47265076923611
0 369.2526 592.5205 149.5243 153.7764 25.210142985756224
0 584.1484 608.6783 174.7632 287.6605 -17.188751454018586
0 958.2066 246.9109 134.2915 185.1363 -5.729595551402099
0 1132.3668 184.1253 126.4748 158.0423 5.729577951308232
0 1375.1542 295.4578 153.1101 258.2559 20.626480624709636
0 1405.4755 416.92 157.7594 160.1284 72.81124854598141
0 1412.4825 553.1458 181.3937 212.7203 -90.0
0 1594.9219 504.495 267.445 289.2336 -28.074949561504184
0 954.9826 180.1458 101.7409 138.8985 -8.639993091423094
0 1092.5301 404.1202 180.7846 430.5425 0.0
