0 1317.0562 1271.996 265.3899 502.4997 -49.31999654571155
0 321.09 991.3813 142.0059 210.9579 65.40842337374147
0 343.8782 650.0456 143.6985 157.4921 19.48056503444799
0 601.8483 609.3494 172.819 316.3594 -17.188751454018586
0 685.996 1411.496 294.2524 526.7969 45.83662361046586
0 1284.896 277.896 197.0248 224.4072 -2.2918487806171015
0 1538.5368 799.5155 180.0991 339.1024 84.2704044485979
0 1417.6328 551.8236 180.7453 204.4326 84.2704044485979
0 1431.9776 433.1753 135.562 166.8718 71.09237516058897
0 884.1255 198.3135 111.2046 174.7437 -9.212950886553926
0 1084.3684 402.123 176.6321 412.2206 -1.7600093883629597e-05
