0 602.7802 1065.2998 200.1773 394.1061 34.37746770784939
0 314.1224 906.449 132.0 156.0 0.0
0 374.5498 597.1605 131.3528 156.435 19.48056503444799
0 588.6889 632.2472 166.8458 316.3487 -22.918329405326745
0 942.6224 274.949 129.0 129.0 0.0
0 1207.6224 199.449 127.0 174.0 2.864788975654116
0 1361.638 295.1756 148.0288 288.177 14.896902673401405
0 1481.8277 479.0356 183.7932 232.6666 72.81124854598141
0 1419.1224 556.449 178.0 200.0 -90.0
0 1628.1922 719.2783 153.4847 208.8242 72.81124854598141
0 1569.8134 891.4339 278.2929 462.7055 72.81124854598141
0 1102.3724 439.949 251.5 325.0 0.0
