0 601.6316 928.8319 256.4094 281.3426 -55.62253229215061
0 555.8031 1262.6569 269.1814 490.2208 75.72166368609635
0 376.1224 583.249 139.3623 142.5362 -64.78985701424378
0 574.6038 604.2625 210.9537 260.1726 -17.188751454018586
0 865.8873 247.3004 143.8654 181.1891 -10.313257912448648
0 1172.9245 185.8453 146.3746 155.784 5.729577951308232
0 1328.6729 293.5702 130.5054 224.3156 9.167324722093172
0 1431.692 436.2958 145.2566 171.4946 61.35209264336498
0 1409.2224 551.249 171.6 218.2 -90.0
0 1631.6933 714.1041 153.1242 235.7445 76.82195311189724
0 954.8872 218.9126 110.1635 219.617 -2.9104151401148783
0 1102.275 411.7467 249.6949 396.1954 0.0
