0 601.6316 928.8319 256.4094 281.3426 -55.62253229215061
0 320.992 1022.8011 178.3732 240.7857 53.94926747112507
0 361.0486 611.685 163.7604 173.802 25.210142985756224
0 600.9933 602.1746 170.2119 302.1452 -17.188751454018586
0 1693.1457 1085.8451 151.552 339.8399 -83.65185568919406
0 1495.4539 1354.0113 257.8802 466.5188 -56.14988152291454
0 1306.3651 233.9308 160.8863 229.8487 14.896902673401405
0 1668.4019 811.1529 176.9503 287.7023 -55.62253229215061
0 1412.4825 553.1458 181.3937 212.7203 -90.0
0 1582.3138 826.5697 168.5268 474.3646 71.09237516058897
0 830.0782 198.517 163.4084 193.5665 -14.369571042731309
0 1087.2821 578.5381 325.6323 545.5505 -1.7188909854863255
