0 1463.048 1371.948 277.9271 483.9675 -44.163376389534136
0 317.49 992.2813 142.0059 210.9579 65.40842337374147
0 343.8666 639.0121 143.172 163.7326 19.48056503444799
0 601.8483 609.3494 172.819 316.3594 -17.188751454018586
0 698.998 1418.648 229.9312 533.4643 45.83662361046586
0 1285.1584 288.2873 197.3314 245.1941 -2.2918487806171015
0 1538.5368 799.5155 180.0991 339.1024 84.2704044485979
0 1424.8328 551.8236 180.7453 204.4326 84.2704044485979
0 1429.5408 430.912 141.4236 159.6016 71.09237516058897
0 839.2546 207.9324 155.0652 174.1097 -14.369571042731309
0 1053.8119 403.8807 237.745 415.736 -1.7600093883629597e-05
