0 598.7802 1066.2998 200.1773 394.1061 34.37746770784939
0 318.1224 901.949 149.0 156.0 -90.0
0 389.1225 591.449 139.3199 140.7479 -64.78985701424378
0 595.3393 622.7427 197.8873 325.3569 -22.918329405326745
0 942.6224 274.949 129.0 129.0 0.0
0 1178.3561 192.5419 125.4674 177.3744 7.448451336700702
0 1401.431 309.3643 138.7093 252.0034 32.0856365273261
0 1497.5858 489.0447 205.2931 240.4825 72.81124854598141
0 1417.1224 556.449 178.0 196.0 -90.0
0 1620.5048 704.207 148.8262 221.0912 72.81124854598141
0 1570.248 880.4523 207.0294 442.1656 72.81124854598141
0 1098.6224 439.949 261.0 321.0 0.0
