0 601.6316 928.8319 256.4094 281.3426 -55.62253229215061
0 1006.7325 828.3464 301.6052 465.9797 -42.92622607044484
0 382.5263 571.3391 139.5609 163.1114 25.210142985756224
0 569.7327 614.8495 208.3677 242.8233 -17.188751454018586
0 883.9561 221.7007 107.9846 129.7569 -9.167342322186983
0 1206.3371 189.4123 128.644 148.4433 11.459155902616464
0 1345.437 275.5993 124.184 212.3112 14.896902673401405
0 1431.692 436.2958 145.2566 171.4946 61.35209264336498
0 1407.6224 550.449 170.0 215.0 -90.0
0 1625.7804 715.1618 156.3365 224.9309 72.81124854598141
0 985.4152 210.8062 114.3841 218.8143 -4.056330730376516
0 1101.9225 401.449 234.4242 380.1023 5.729577951308232
