0 601.6316 928.8319 256.4094 281.3426 -55.62253229215061
0 313.0559 1033.1041 152.9044 213.5659 53.94926747112507
0 376.083 589.7245 139.8004 153.6283 25.210142985756224
0 600.9933 602.1746 170.2119 302.1452 -17.188751454018586
0 1131.6059 752.2106 236.136 358.0031 -2.0626656625647684
0 1179.5518 191.7173 139.5119 168.1915 5.500394833255903
0 1342.3078 292.8313 151.9725 236.4575 20.855663742761966
0 1533.3895 402.6805 167.6139 218.5099 27.20380805356791
0 1412.4825 553.1458 181.3937 212.7203 -90.0
0 1635.7529 785.3808 204.3651 390.3918 70.86319204253664
0 973.0423 219.9573 126.1748 230.1506 -2.9104151401148783
0 1509.7675 1095.8108 297.696 530.6613 -86.79143634726739
