0 578.9338 1039.5263 250.2365 300.0064 4.0563131302826605
0 327.4318 931.6421 142.5402 153.6132 -1.6732648210255547
0 346.84 634.2387 132.0275 175.5336 25.210142985756224
0 579.0766 619.2751 182.0458 298.6214 -22.918329405326745
0 903.5373 1122.5169 302.4119 354.1955 -83.12450645843012
0 1524.0669 1344.9545 230.9292 494.8175 -50.511538300433955
0 1538.2211 793.6396 173.2605 358.3496 84.2704044485979
0 1416.8577 552.2361 178.994 205.0774 84.2704044485979
0 1435.9785 434.6426 123.2204 175.3309 71.09237516058897
0 1123.2039 200.3291 123.1396 193.5312 2.8191628111933653
0 1144.3233 654.9797 354.9469 374.1035 -9.167342322186983
