0 601.6316 928.8319 256.4094 281.3426 -55.62253229215061
0 1059.7681 805.6104 381.0452 434.7521 8.067017696198434
0 368.1416 598.8995 137.3508 150.9761 25.210142985756224
0 564.8384 608.1334 213.7498 258.5485 -17.188751454018586
0 868.0561 221.9007 107.9846 129.7569 -9.167342322186983
0 1138.9715 178.3339 122.5748 149.6911 1.1459155902616465
0 1376.4899 271.7417 143.8606 222.3999 14.896902673401405
0 1436.892 430.4958 147.2653 175.3268 61.35209264336498
0 1407.6224 550.449 170.0 215.0 -90.0
0 1618.2185 718.7089 158.1248 208.386 72.81124854598141
0 953.3198 205.1589 107.2676 218.1859 -8.067035296292289
0 1103.6224 409.449 235.0 402.0 0.0
