0 601.6316 928.8319 256.4094 281.3426 -55.62253229215061
0 320.992 1022.8011 178.3732 240.7857 53.94926747112507
0 371.234 586.7695 164.7395 176.6957 25.210142985756224
0 600.9933 602.1746 170.2119 302.1452 -17.188751454018586
0 1695.2843 1040.7974 145.8163 341.6942 86.03490399845111
0 1509.0403 1324.3712 266.5889 453.6406 -63.02537506448442
0 1280.5167 222.4973 144.0238 213.2167 9.740282517223996
0 1661.2279 800.2779 183.9382 288.911 -55.62253229215061
0 1412.4825 553.1458 181.3937 212.7203 -90.0
0 1590.2788 839.6733 176.2276 469.3969 65.93575500441159
0 838.4782 197.917 163.4084 193.5665 -9.212950886553926
0 1076.3999 462.6285 273.1176 507.6519 -1.7600093883629597e-05
