0 601.6316 928.8319 256.4094 281.3426 -55.62253229215061
0 840.8567 1046.268 353.3846 367.1427 -81.36002450867073
0 368.1416 598.8995 137.3508 150.9761 25.210142985756224
0 574.7624 607.6325 196.0206 259.4713 -17.188751454018586
0 879.5561 220.9007 107.9846 129.7569 -9.167342322186983
0 1198.9857 182.1113 113.0031 138.5363 11.459155902616464
0 1376.2053 272.2942 153.7497 221.1857 14.896902673401405
0 1441.356 426.4608 150.067 187.0308 61.35209264336498
0 1407.6224 550.449 170.0 215.0 -90.0
0 1618.2185 718.7089 158.1248 208.386 72.81124854598141
0 981.7224 215.549 151.7854 220.3775 -2.9104151401148783
0 1101.2224 409.049 239.8 401.2 0.0
