0 1460.8544 1369.8581 245.753 475.3741 -44.163376389534136
0 314.9685 907.5645 179.994 217.2665 4.0563131302826605
0 743.2253 327.8461 298.0077 368.7153 65.03070974734844
0 601.8483 609.3494 172.819 316.3594 -17.188751454018586
0 823.6332 1466.2325 357.8031 506.7048 18.048170546620934
0 1130.0806 195.0584 188.5171 262.7383 89.99998239990612
0 1555.1984 921.2555 220.9234 442.3665 83.98392555103254
0 1412.2606 549.9305 178.84 225.9878 89.14054570720992
0 1400.3274 429.513 144.7795 210.8019 65.36279720928076
0 849.7992 207.7748 127.643 190.0747 -13.796613247600504
0 1059.9744 396.4994 233.15 415.7 0.0
