0 601.6316 928.8319 256.4094 281.3426 -55.62253229215061
0 425.7114 1232.3967 215.0141 380.1872 84.2704044485979
0 360.0888 616.199 146.9805 170.7219 -70.51943496555201
0 580.1224 608.449 188.5548 263.4902 -17.188751454018586
0 871.1561 222.1007 107.9846 129.7569 -9.167342322186983
0 1127.1224 168.0999 131.3019 134.0 -90.0
0 1360.8768 286.2718 158.7945 252.971 14.896902673401405
0 1440.7662 429.1592 137.6081 192.2778 61.35209264336498
0 1416.1224 553.449 176.0 198.0 -90.0
0 1618.2185 718.7089 158.1248 208.386 72.81124854598141
0 981.1224 211.949 139.3607 220.2081 -2.9104151401148783
0 1089.6224 396.2922 231.0 424.3136 0.0
