0 601.6316 928.8319 256.4094 281.3426 -55.62253229215061
0 320.992 1022.8011 178.3732 240.7857 53.94926747112507
0 366.9826 607.1458 165.4164 169.1776 25.210142985756224
0 600.9933 602.1746 170.2119 302.1452 -17.188751454018586
0 1615.5604 1254.6612 162.2264 353.7782 -73.7553275812379
0 1217.9271 1335.2568 354.9389 480.8031 -7.292223346062428
0 1355.3339 274.3817 121.9019 264.9029 20.626480624709636
0 1667.5655 820.0203 183.7975 323.6875 -72.8112661460753
0 1412.4825 553.1458 181.3937 212.7203 -90.0
0 1577.0776 806.9637 193.0816 476.0868 71.09237516058897
0 814.4385 206.4233 157.1974 204.4613 -14.369571042731309
0 1647.6025 1043.669 274.8252 418.8258 -85.83304984335206
0 1880.2908 1139.699 100.5 138.5 -81.40563307303765
