0 701.5517 1039.0272 409.8418 426.0327 -61.92506803858966
0 313.377 983.0967 153.1893 178.4966 81.45124163740456
0 341.0969 651.799 140.2143 159.0271 23.49126960036375
0 599.0483 611.5494 172.819 316.3594 -17.188751454018586
0 798.7632 1453.7868 241.0307 450.8982 21.772396214971284
0 1284.896 277.896 197.0248 224.4072 -2.2918487806171015
0 1538.5368 799.5155 180.0991 339.1024 84.2704044485979
0 1421.4271 559.0282 171.7604 210.9508 84.2704044485979
0 1432.4252 433.5893 134.4886 167.4504 71.09237516058897
0 949.4884 220.2544 126.2188 233.7 -2.9104151401148783
0 1111.596 424.481 169.8933 433.9366 -1.7600093883629597e-05
