0 604.7802 1070.2998 200.1773 394.1061 34.37746770784939
0 328.1224 885.449 144.0 162.0 0.0
0 380.5855 592.4736 127.9156 151.3728 19.48056503444799
0 588.6889 632.2472 166.8458 316.3487 -22.918329405326745
0 942.6224 274.949 129.0 129.0 0.0
0 1216.3271 199.8885 133.6417 178.1209 11.459155902616464
0 1377.366 297.2016 151.3025 272.2578 20.626480624709636
0 1481.1225 475.949 196.4307 232.3273 72.81124854598141
0 1429.1224 552.449 186.0 220.0 -90.0
0 1615.6561 698.8722 208.2182 223.2866 -17.188751454018586
0 1553.2202 964.0994 220.7738 443.9462 80.25969988268213
0 1104.1224 440.949 258.0 323.0 0.0
