0 581.9708 1035.3177 241.3473 310.7617 4.0563131302826605
0 324.9802 920.4671 154.59 165.9396 -1.6732648210255547
0 340.9708 648.0176 132.1722 149.5736 19.48056503444799
0 600.9776 600.6552 176.119 295.1267 -22.918329405326745
0 1208.3769 222.5271 109.7795 122.7231 5.729577951308232
0 1322.425 304.14 157.9166 234.6866 2.864788975654116
0 1496.5757 809.418 193.0739 370.6422 84.2704044485979
0 1418.8577 550.2361 178.994 205.0774 84.2704044485979
0 1416.6695 416.3653 155.1818 165.6595 -18.907624839411028
0 974.7245 246.211 115.7995 199.2611 -2.9104151401148783
