0 601.6316 928.8319 256.4094 281.3426 -55.62253229215061
0 302.7933 905.6268 170.1649 297.5999 -76.63100387887397
0 369.5549 600.7236 163.7767 168.1244 19.48056503444799
0 597.6662 602.3111 171.2369 245.8607 -17.188751454018586
0 895.6656 217.6836 124.5164 133.7417 -5.347604589388368
0 1121.7891 163.7666 120.6667 121.3019 0.0
0 1332.4435 280.1385 125.9169 217.5965 14.896902673401405
0 1457.5523 448.8032 179.0401 200.4728 72.81124854598141
0 1416.1224 553.449 176.0 198.0 -90.0
0 1618.2185 718.7089 158.1248 208.386 72.81124854598141
0 932.5013 412.4434 202.3055 441.7834 -6.921119706030652
0 1120.7891 388.7823 181.3333 412.6667 0.0
