0 601.6316 928.8319 256.4094 281.3426 -55.62253229215061
0 310.7161 1029.1874 180.1412 216.6529 53.94926747112507
0 375.4005 591.0311 141.7216 154.7945 25.210142985756224
0 600.9933 602.1746 170.2119 302.1452 -17.188751454018586
0 1595.3282 1218.7885 197.7992 360.9698 -72.19269978657758
0 1110.0114 490.9013 232.0588 483.5955 0.0
0 1378.6318 306.0539 138.8024 259.8297 21.056198971057757
0 1664.5524 658.7435 165.8397 328.9011 72.81124854598141
0 1412.4825 553.1458 181.3937 212.7203 -90.0
0 1588.9234 842.1984 191.3742 476.138 65.79251555562882
0 823.4135 202.8233 143.3993 199.894 -14.369571042731309
0 1670.0322 951.3865 197.3171 356.6211 67.51138894102132
