0 600.4776 961.2767 299.3636 305.9437 -55.62253229215061
0 301.8224 898.499 149.4 152.1 0.0
0 387.9225 592.049 139.3199 140.7479 -64.78985701424378
0 582.1224 623.949 172.1806 314.7996 -22.918329405326745
0 855.7218 236.341 123.5702 148.2949 -10.771624148553315
0 1094.0807 192.0999 124.0834 187.3019 0.0
0 1401.431 309.3643 138.7093 252.0034 32.0856365273261
0 1492.5516 492.6827 209.2688 228.7136 72.81124854598141
0 1417.1224 556.449 178.0 196.0 -90.0
0 1626.0048 702.707 140.0701 225.7099 72.81124854598141
0 1565.1224 879.949 207.2353 443.0424 68.8005439800657
0 1104.7224 432.199 268.4 333.7 0.0
