0 562.9983 995.8933 215.8044 328.9085 -83.12450645843012
0 317.2032 1022.5931 135.4539 185.5202 55.217967916883225
0 359.21 607.8749 136.8549 156.4165 -64.22142558569449
0 605.3287 601.7877 154.9864 298.5085 -17.188751454018586
0 1683.2348 1092.2629 133.0085 324.1591 -81.90341768157282
0 1508.3799 1330.983 199.115 454.4835 -52.134650590417266
0 1001.584 322.5901 166.9523 390.3468 -4.136658289379341
0 1687.2064 782.1761 124.786 368.9376 47.819345184390556
0 1415.4825 541.1458 181.3937 212.7203 -90.0
0 1606.667 733.9701 176.9962 410.6302 60.88375694162505
0 810.9216 212.4756 120.519 190.0293 -20.09914899403958
0 1115.7707 416.1826 192.4383 437.2202 3.437746770784939
