0 601.6316 928.8319 256.4094 281.3426 -55.62253229215061
0 532.7308 1266.733 262.4384 479.0518 79.15941045688123
0 374.8724 585.099 136.0144 142.839 -64.78985701424378
0 575.0357 604.0855 210.0239 260.2555 -17.188751454018586
0 865.8579 247.0319 142.2521 180.2573 -9.740300117317872
0 1174.2245 186.2453 146.3746 155.784 5.729577951308232
0 1328.6729 293.5702 130.5054 224.3156 9.167324722093172
0 1431.692 436.2958 145.2566 171.4946 61.35209264336498
0 1409.4224 551.349 171.8 218.6 -90.0
0 1632.2449 714.0219 153.2156 236.8562 76.82195311189724
0 953.8372 218.9126 108.0662 219.7236 -2.9104151401148783
0 1102.525 411.5467 251.1949 396.9954 0.0
