0 581.9708 1035.3177 241.3473 310.7617 4.0563131302826605
0 330.5186 903.2816 168.4767 199.9724 -1.6732648210255547
0 340.9708 648.3176 132.1722 149.5736 19.48056503444799
0 600.9776 600.6552 176.119 295.1267 -22.918329405326745
0 1209.4844 222.4822 111.9745 123.0337 5.729577951308232
0 1331.9912 297.9684 200.9529 226.3941 3.437746770784939
0 1490.3991 810.4689 193.932 358.1408 84.2704044485979
0 1418.8577 550.2361 178.994 205.0774 84.2704044485979
0 1415.2082 408.556 160.398 160.5163 -18.907624839411028
0 974.7245 246.211 115.7995 199.2611 -2.9104151401148783
