0 581.9708 1035.3177 241.3473 310.7617 4.0563131302826605
0 334.1413 928.9057 148.5345 156.1134 88.32673517897445
0 348.0646 621.3449 129.2862 163.1925 19.48056503444799
0 598.4776 602.6552 182.282 296.8639 -22.918329405326745
0 1247.1316 200.5868 139.497 159.5954 11.459155902616464
0 1598.0166 1304.6307 276.7508 410.1502 -75.72168128619016
0 1498.0719 806.787 188.6601 367.1766 84.2704044485979
0 1418.8577 550.2361 178.994 205.0774 84.2704044485979
0 1471.2515 474.7276 142.2052 232.2836 88.28110901451367
0 974.8337 245.7098 118.5265 197.1945 -2.9104151401148783
0 1283.3044 1207.5744 334.7838 399.145 -51.566219161867934
