0 592.582 991.8618 229.2191 299.8652 55.00394833255903
0 308.8714 1021.5176 101.658 203.477 44.12716658075638
0 359.4529 614.9127 141.5696 175.7827 27.483811404173867
0 583.2275 613.956 205.2807 303.4005 -17.188751454018586
0 1644.4729 1193.8774 136.4467 346.5353 -66.91782114148515
0 1508.0306 1329.7951 187.7452 451.3793 -53.83988758028556
0 934.3889 382.3512 184.2156 442.3652 -15.515370917559494
0 1710.7773 852.7775 169.3471 364.3643 85.1434775368183
0 1413.2633 547.1596 169.3661 208.2819 -90.0
0 1595.8476 780.8959 195.2454 445.2601 66.69790346349458
0 802.5687 195.5911 128.0615 144.1415 -20.09914899403958
0 1131.2969 421.1239 202.2382 445.5812 -1.7600093883629597e-05
