0 578.4494 1040.9494 241.2473 287.786 4.0563131302826605
0 327.4318 931.6421 142.5402 153.6132 -1.6732648210255547
0 348.566 630.3565 132.2114 184.0287 25.210142985756224
0 579.8596 616.1271 174.1829 299.453 -22.918329405326745
0 1061.5094 298.4434 178.4641 332.434 -2.8648065757479912
0 1548.7656 1333.6643 234.7762 510.0949 -50.511538300433955
0 1539.7513 789.8037 180.0492 362.1606 84.2704044485979
0 1416.8577 552.2361 178.994 205.0774 84.2704044485979
0 1415.2932 416.3417 119.4036 146.3216 65.36279720928076
0 965.0472 239.3454 123.2972 262.8367 -5.775204115768986
0 1781.4789 1155.4373 166.5278 308.1595 -83.07889789406318
