0 581.9708 1035.3177 241.3473 310.7617 4.0563131302826605
0 334.1413 928.9057 148.5345 156.1134 88.32673517897445
0 348.0646 621.3449 129.2862 163.1925 19.48056503444799
0 598.4776 602.6552 182.282 296.8639 -22.918329405326745
0 1208.3404 223.3015 107.1771 120.9604 -84.27042204869177
0 1568.8643 419.0911 164.356 218.2592 46.091246054622
0 1497.909 807.1958 193.0739 370.6422 84.2704044485979
0 1418.8577 550.2361 178.994 205.0774 84.2704044485979
0 1410.9562 427.0985 127.9033 160.5882 -16.3611712147316
0 974.7245 246.211 115.7995 199.2611 -2.9104151401148783
0 1808.4996 1218.3212 118.5415 260.1216 -71.30140664047207
