0 584.5338 1037.7263 250.2365 300.0064 4.0563131302826605
0 327.4318 931.6421 142.5402 153.6132 -1.6732648210255547
0 346.84 634.2387 132.0275 175.5336 25.210142985756224
0 582.4067 615.1524 172.7005 293.6205 -22.918329405326745
0 1127.8056 732.6593 379.0387 394.3581 63.02535746439057
0 1534.0257 1340.0406 263.365 495.4535 -50.511538300433955
0 1532.2809 792.0047 176.2623 346.8549 84.2704044485979
0 1416.8577 552.2361 178.994 205.0774 84.2704044485979
0 1402.8643 401.1766 135.884 151.4987 -24.637202790719243
0 1123.2039 200.3291 123.1396 193.5312 2.8191628111933653
0 1567.5805 1073.3796 151.1646 537.5797 -85.94368686971734
