0 601.6316 928.8319 256.4094 281.3426 -55.62253229215061
0 842.764 1016.9197 343.6731 373.8647 -85.3707290745865
0 368.1416 598.8995 137.3508 150.9761 25.210142985756224
0 573.8691 607.4964 197.2649 258.8015 -17.188751454018586
0 880.9561 220.7007 107.9846 129.7569 -9.167342322186983
0 1198.9857 182.1113 113.0031 138.5363 11.459155902616464
0 1376.8024 272.5184 152.4804 221.0594 14.896902673401405
0 1442.94 427.9195 145.9878 188.4122 61.35209264336498
0 1407.6224 550.449 170.0 215.0 -90.0
0 1618.2185 718.7089 158.1248 208.386 72.81124854598141
0 981.0724 215.649 149.678 220.2844 -2.9104151401148783
0 1101.8224 409.149 238.6 401.4 0.0
