0 600.5432 1071.1828 206.7888 351.2752 32.70420288682379
0 325.0318 933.8821 148.6545 149.7901 -1.6732648210255547
0 340.0446 648.8317 139.5065 151.2171 25.210142985756224
0 570.6448 624.216 237.209 305.7335 -22.230780051169802
0 937.2359 1479.3888 312.7481 518.5017 8.708958485988513
0 1489.9646 336.6027 142.5826 209.9347 23.376678041337588
0 1543.896 796.3961 182.5221 345.6115 84.2704044485979
0 1415.9493 557.4494 175.996 221.5364 84.2704044485979
0 1430.4252 430.5893 134.4886 167.4504 71.09237516058897
0 959.5121 224.2 131.3387 242.1449 -8.639993091423094
0 1120.556 424.981 172.8934 443.9366 5.729577951308232
