0 601.6316 928.8319 256.4094 281.3426 -55.62253229215061
0 315.9364 948.8226 169.908 180.4306 88.32673517897445
0 376.083 589.7245 139.8004 153.6283 25.210142985756224
0 579.6224 611.6317 195.6366 295.0743 -17.188751454018586
0 995.8809 308.5873 143.1889 265.157 -3.437764370878824
0 1176.0793 189.6027 126.657 158.7665 5.729577951308232
0 1360.6147 282.9504 149.2479 244.2143 20.626480624709636
0 1418.9734 358.5362 177.1913 244.5857 19.935437351876885
0 1412.4825 553.1458 181.3937 212.7203 -90.0
0 1614.0881 539.3005 180.0041 277.2777 52.83960138532683
0 943.9572 190.6994 108.569 156.8696 -8.639993091423094
0 1131.1463 457.0656 239.8843 425.7637 4.41996831897771
