0 1453.4979 1376.8997 250.8415 475.4274 -44.163376389534136
0 313.231 915.0544 177.5873 202.0783 4.0563131302826605
0 685.6919 358.1245 299.8146 306.6479 63.02535746439057
0 601.8483 609.3494 172.819 316.3594 -17.188751454018586
0 830.2852 1471.5551 353.3186 511.334 17.188733853924695
0 1213.9474 198.3546 159.5389 183.5069 6.111568913321952
0 1548.1911 914.5714 217.627 429.9973 81.97857326807463
0 1446.5087 558.0141 166.1453 219.2564 83.12448885833629
0 1402.824 432.1004 137.9942 213.1834 65.36279720928076
0 872.864 213.2358 132.4141 202.1427 -9.78590868168476
0 1056.4494 396.9494 239.0 416.0 0.0
