0 1447.4009 1381.4711 259.5644 475.5186 -44.163376389534136
0 310.981 937.7044 162.1721 178.9134 -85.94368686971734
0 547.08 438.4534 194.4845 299.6381 -39.006756233356725
0 601.8483 609.3494 172.819 316.3594 -17.188751454018586
0 797.2102 1464.325 330.8025 518.2361 17.188733853924695
0 1286.2696 221.1483 137.084 188.5001 12.605071492878112
0 1517.8463 871.9954 223.52 377.2221 76.82195311189724
0 1505.4843 571.9753 150.7705 202.98 72.81124854598141
0 1411.9205 432.4999 140.9011 198.5275 67.08167059467326
0 911.1118 222.9439 141.5545 222.4887 -2.9104151401148783
0 1069.0494 397.8494 239.0 416.0 0.0
