0 582.5338 1034.7263 250.2365 300.0064 4.0563131302826605
0 324.4318 933.6421 148.6545 149.7901 -1.6732648210255547
0 344.84 635.0387 132.0275 175.5336 25.210142985756224
0 576.5546 620.0404 187.2877 298.067 -22.918329405326745
0 952.5028 1428.2632 276.8643 506.8914 14.896902673401405
0 1532.461 1345.2305 209.9659 511.6909 -50.511538300433955
0 1531.3828 795.4645 175.5267 344.377 84.2704044485979
0 1418.373 544.4001 199.1383 217.3806 84.2704044485979
0 1430.4252 430.5893 134.4886 167.4504 71.09237516058897
0 1122.4662 198.2643 124.8163 189.4791 2.8191628111933653
0 1175.5273 444.4241 189.5174 448.0758 11.459155902616464
