0 601.6316 928.8319 256.4094 281.3426 -55.62253229215061
0 309.8829 1029.7052 180.2846 214.6962 53.94926747112507
0 376.083 589.7245 139.8004 153.6283 25.210142985756224
0 600.9933 602.1746 170.2119 302.1452 -17.188751454018586
0 1528.2507 1274.3906 187.1912 399.3149 -68.1819952206618
0 1049.0282 326.878 182.3423 368.5428 0.0
0 1386.7818 308.1289 138.8024 259.8297 26.06957967845246
0 1663.5524 663.1185 165.8397 328.9011 68.51406508250022
0 1412.4825 553.1458 181.3937 212.7203 -90.0
0 1582.6636 827.3866 181.9916 473.0279 69.37350177519647
0 834.9885 209.5233 126.4467 195.5509 -14.369571042731309
0 1666.251 950.1324 194.2316 357.2593 72.52476964841605
