0 601.6316 928.8319 256.4094 281.3426 -55.62253229215061
0 844.6714 987.5714 333.9617 380.5866 -89.38143364050228
0 368.1416 598.8995 137.3508 150.9761 25.210142985756224
0 572.9757 607.3603 198.5092 258.1317 -17.188751454018586
0 882.3561 220.5007 107.9846 129.7569 -9.167342322186983
0 1198.9857 182.1113 113.0031 138.5363 11.459155902616464
0 1377.3995 272.7426 151.211 220.9331 14.896902673401405
0 1444.524 429.3783 141.9087 189.7937 61.35209264336498
0 1407.6224 550.449 170.0 215.0 -90.0
0 1618.2185 718.7089 158.1248 208.386 72.81124854598141
0 980.4224 215.749 147.5705 220.1913 -2.9104151401148783
0 1102.4224 409.249 237.4 401.6 0.0
