0 581.9708 1035.3177 241.3473 310.7617 4.0563131302826605
0 331.8199 931.5058 143.4722 151.3207 88.32673517897445
0 337.7708 657.3176 133.8652 159.1576 19.48056503444799
0 599.0875 601.8197 180.5076 295.7997 -22.918329405326745
0 1198.4092 222.9315 90.0245 119.9282 5.729577951308232
0 1287.8702 309.2994 200.5419 227.1992 -6.875511141663708
0 1496.5757 809.418 193.0739 370.6422 84.2704044485979
0 1418.8577 550.2361 178.994 205.0774 84.2704044485979
0 1403.9083 413.3163 133.0126 172.0313 -18.907624839411028
0 974.7245 246.211 115.7995 199.2611 -2.9104151401148783
