0 601.6316 928.8319 256.4094 281.3426 -55.62253229215061
0 1129.7152 638.8199 326.2079 586.9293 0.04560856436694394
0 368.1416 598.8995 137.3508 150.9761 25.210142985756224
0 570.2327 602.3495 200.0244 266.4113 -17.188751454018586
0 881.1561 220.1007 107.9846 129.7569 -9.167342322186983
0 1192.2269 185.6629 128.3423 143.7894 8.021409131831525
0 1344.4127 284.5737 121.7476 207.6316 14.896902673401405
0 1432.892 435.0958 145.2566 171.4946 61.35209264336498
0 1407.6224 550.449 170.0 215.0 -90.0
0 1620.2118 711.1459 167.3007 216.6647 72.81124854598141
0 975.7473 203.2291 114.1481 220.8269 -6.921119706030652
0 1079.2944 393.0592 227.205 383.3775 5.729577951308232
