0 601.6316 928.8319 256.4094 281.3426 -55.62253229215061
0 312.8805 904.3392 145.9156 150.4101 -84.27042204869177
0 371.3079 599.4721 156.9883 169.5533 -70.51943496555201
0 610.4381 603.7422 151.6846 245.1905 -17.188751454018586
0 871.4779 222.5062 101.8456 147.4673 -14.896920273495255
0 1134.1224 163.0999 117.3019 120.0 -90.0
0 1316.06 323.9768 181.3128 214.8695 14.896902673401405
0 1455.6756 454.3915 169.4718 189.437 72.81124854598141
0 1416.1224 553.449 176.0 198.0 -90.0
0 1618.2185 718.7089 158.1248 208.386 72.81124854598141
0 1096.9854 577.7742 298.4603 508.1517 -2.9104151401148783
0 1116.6224 303.449 171.0 242.0 0.0
