0 562.9768 968.7266 263.6164 478.998 -62.49802583372049
0 321.1 942.789 146.7403 165.8568 88.32673517897445
0 337.5346 652.5034 138.0924 159.9992 25.210142985756224
0 581.4069 616.021 213.3173 317.0135 -17.188751454018586
0 898.2443 1482.279 240.1207 505.6639 2.291831180523293
0 1300.092 270.7552 189.4842 243.0703 2.291831180523293
0 1538.5368 799.5155 180.0991 339.1024 84.2704044485979
0 1417.0449 557.7651 175.1489 219.4192 84.2704044485979
0 1432.4252 433.5893 134.4886 167.4504 71.09237516058897
0 963.1996 220.5499 130.6789 241.4777 -2.9104151401148783
0 1126.096 425.981 169.8933 433.9366 -1.7600093883629597e-05
