0 601.6316 928.8319 256.4094 281.3426 -55.62253229215061
0 311.0294 955.0858 168.033 177.3265 88.32673517897445
0 376.083 589.7245 139.8004 153.6283 25.210142985756224
0 580.2051 611.6007 197.489 296.2118 -17.188751454018586
0 997.5952 313.3588 143.665 270.2233 -3.437764370878824
0 1184.0209 190.8543 126.7784 159.2492 5.729577951308232
0 1359.911 280.4543 147.8207 235.9072 20.626480624709636
0 1416.6049 358.2393 174.8423 244.4934 20.59021352015236
0 1412.4825 553.1458 181.3937 212.7203 -90.0
0 1606.9568 536.268 174.0888 287.3878 51.3662404151479
0 942.6069 189.1352 109.1957 153.6678 -8.639993091423094
0 1135.5759 465.1149 246.2282 425.3473 5.074744487253214
