0 601.6316 928.8319 256.4094 281.3426 -55.62253229215061
0 708.3371 1250.7785 287.9848 450.372 46.455189969963556
0 363.3099 609.2792 148.5787 157.3735 -68.22760378502872
0 580.1224 608.449 188.5548 263.4902 -17.188751454018586
0 871.1561 222.1007 107.9846 129.7569 -9.167342322186983
0 1166.3677 180.3045 127.4012 137.7957 4.583662361046586
0 1372.6225 270.949 161.3661 221.9436 14.896902673401405
0 1422.8521 415.3083 174.5419 178.7421 61.35209264336498
0 1407.6224 550.449 170.0 215.0 -90.0
0 1618.2185 718.7089 158.1248 208.386 72.81124854598141
0 976.9224 214.349 149.3885 220.4993 -6.348161910899819
0 1097.6224 408.449 247.0 400.0 0.0
