0 593.7773 991.7478 243.1979 306.6422 55.00394833255903
0 316.7339 1026.1839 117.9491 200.0462 45.559561068583434
0 360.6215 611.9864 162.5164 165.9192 -63.31196967748333
0 601.0054 599.008 160.3116 291.8791 -17.188751454018586
0 1631.0579 1206.8781 168.7071 322.3772 -54.58335761524734
0 1504.5502 1332.7783 197.8716 447.6615 -53.044106498628366
0 972.6927 353.7463 182.3124 420.6142 -6.905075763892455
0 1705.6743 856.5835 153.3096 342.4995 -86.45310476924264
0 1414.0633 545.7596 172.1661 209.8819 -90.0
0 1591.832 767.8737 184.3393 450.969 68.49951195450399
0 811.4726 209.9781 132.7301 188.7288 -20.09914899403958
0 1141.7774 422.2536 193.9498 438.988 4.583662361046586
