0 602.9802 1065.7998 200.1773 394.1061 34.37746770784939
0 315.5224 904.349 133.2 156.6 0.0
0 380.5855 592.4736 127.9156 151.3728 19.48056503444799
0 588.6889 632.2472 166.8458 316.3487 -22.918329405326745
0 942.6224 274.949 129.0 129.0 0.0
0 1224.2346 201.5855 149.8157 178.3053 11.459155902616464
0 1366.566 291.8016 151.3025 272.2578 20.626480624709636
0 1481.1225 475.949 196.4307 232.3273 72.81124854598141
0 1429.1224 552.449 186.0 220.0 -90.0
0 1619.3279 709.1256 201.5255 209.1737 72.81124854598141
0 1542.5578 967.1485 223.1763 465.9952 80.25969988268213
0 1104.1224 440.949 258.0 323.0 0.0
