0 581.4915 1039.3378 245.7419 293.8962 4.0563131302826605
0 327.4318 931.6421 142.5402 153.6132 -1.6732648210255547
0 346.84 634.2387 132.0275 175.5336 25.210142985756224
0 582.6331 616.6397 173.4416 296.5368 -22.918329405326745
0 1124.5062 638.3448 326.332 507.3504 26.35605857601787
0 1534.0257 1340.0406 263.365 495.4535 -50.511538300433955
0 1532.2574 790.7421 178.7797 347.0603 84.2704044485979
0 1416.8577 552.2361 178.994 205.0774 84.2704044485979
0 1393.9179 404.7362 151.3026 155.4048 -24.637202790719243
0 1121.4539 217.0791 122.9901 227.0644 2.8191628111933653
0 1633.2526 1021.7217 225.7487 460.0439 88.32673517897445
