0 603.2316 919.8319 273.0723 273.82 -55.62253229215061
0 305.2224 920.549 153.0 155.0 0.0
0 364.7724 587.0636 158.0048 161.1467 19.48056503444799
0 610.4381 603.7422 151.6846 245.1905 -17.188751454018586
0 894.3068 252.805 111.2262 181.3046 -13.751004683233589
0 1130.3224 171.9999 112.4 139.9019 0.0
0 1387.831 302.5643 146.6007 248.4528 32.0856365273261
0 1458.1932 447.0314 167.9432 190.0478 72.81124854598141
0 1416.1224 553.449 176.0 198.0 -90.0
0 1623.9808 714.7931 154.0487 221.7102 72.81124854598141
0 1108.6975 622.9371 308.3943 514.1322 -1.7644995498532126
0 1110.0224 359.049 174.6 313.2 0.0
