0 613.0095 1005.6254 291.8166 324.7836 9.785891081590876
0 324.4318 933.6421 148.6545 149.7901 -1.6732648210255547
0 341.84 636.2387 132.0275 175.5336 25.210142985756224
0 578.3617 621.0956 189.7948 301.4183 -22.918329405326745
0 969.2321 1491.8733 280.0902 524.7571 2.864788975654116
0 1493.2272 1362.2375 237.9627 501.4944 -33.32280444650925
0 1534.2631 791.5718 182.6981 350.886 84.2704044485979
0 1414.9227 558.1727 177.2304 219.3489 84.2704044485979
0 1430.4252 430.5893 134.4886 167.4504 71.09237516058897
0 1121.3597 195.6671 127.3314 183.401 5.683951786847473
0 1122.2452 426.7204 163.7859 446.3365 5.729577951308232
