0 580.8838 1030.9617 244.6909 308.0557 4.0563131302826605
0 327.4318 931.6421 142.5402 153.6132 -1.6732648210255547
0 343.6956 633.8145 131.4307 197.4528 19.48056503444799
0 597.72 606.7112 186.8365 303.7455 -22.918329405326745
0 1294.6275 222.2829 132.7575 157.1695 17.188733853924695
0 1525.7136 1347.1482 218.1341 496.9114 -50.511538300433955
0 1519.1949 794.7307 185.7495 336.7174 84.2704044485979
0 1418.8577 550.2361 178.994 205.0774 84.2704044485979
0 1476.0113 477.6246 132.231 237.6871 88.28110901451367
0 919.0623 221.9176 136.6408 233.1411 -2.9104151401148783
0 1362.0079 1057.2964 334.1494 400.7395 -51.566219161867934
