0 609.6902 1075.9631 227.3482 353.1146 32.70420288682379
0 329.4318 935.6421 148.6545 149.7901 -1.6732648210255547
0 340.0446 648.8317 139.5065 151.2171 25.210142985756224
0 595.6804 608.4335 163.7737 314.6883 -17.188751454018586
0 1038.921 1480.8731 406.6928 487.9888 -5.729595551402099
0 1330.8237 287.6772 140.9134 266.1758 14.896902673401405
0 1543.896 796.3961 182.5221 345.6115 84.2704044485979
0 1415.9493 557.4494 175.996 221.5364 84.2704044485979
0 1430.4252 430.5893 134.4886 167.4504 71.09237516058897
0 959.5121 224.2 131.3387 242.1449 -8.639993091423094
0 1136.396 424.981 172.8934 443.9366 5.729577951308232
