0 601.6316 928.8319 256.4094 281.3426 -55.62253229215061
0 309.8829 1029.7052 180.2846 214.6962 53.94926747112507
0 376.083 589.7245 139.8004 153.6283 25.210142985756224
0 600.9933 602.1746 170.2119 302.1452 -17.188751454018586
0 1556.9141 1265.073 188.3188 388.1269 -68.1819952206618
0 1053.2406 389.4861 188.2671 429.2591 0.0
0 1386.5318 309.8789 138.8024 259.8297 24.637185190625402
0 1665.8024 661.8685 165.8397 328.9011 72.81124854598141
0 1412.4825 553.1458 181.3937 212.7203 -90.0
0 1587.6387 835.821 177.146 476.5651 69.37350177519647
0 830.2385 207.5233 131.2903 196.7918 -14.369571042731309
0 1663.5493 950.4494 198.0544 351.2157 71.09237516058897
