0 602.4128 928.9908 262.5081 282.8116 -55.62253229215061
0 324.8825 1021.5031 165.454 235.6181 53.94926747112507
0 376.9541 597.1951 140.7824 141.3908 26.35605857601787
0 601.8855 598.7601 164.8736 298.37 -17.188751454018586
0 1697.4128 1004.2413 154.2145 314.4925 74.34656497778235
0 1493.64 1346.5006 220.191 448.4154 -63.02537506448442
0 1143.8524 185.0294 126.2639 177.2486 3.437746770784939
0 1679.9018 747.5807 205.8846 357.8014 77.16572778897569
0 1413.2025 550.2658 181.3937 212.7203 -90.0
0 1601.0031 680.374 147.7124 350.2431 37.86082304300123
0 826.5696 203.9557 150.6669 182.0225 -8.639993091423094
0 1082.9767 400.8296 214.8549 414.094 -1.7600093883629597e-05
