0 599.1101 926.3644 265.0196 272.454 -55.62253229215061
0 307.3224 903.649 150.4 169.6 0.0
0 380.4447 575.1134 141.6057 182.8275 25.210142985756224
0 593.7225 602.949 158.4581 285.4246 -22.918329405326745
0 969.1943 238.9554 110.4974 182.69 -8.021426731925374
0 1135.6224 195.0999 135.0 185.3019 0.0
0 1401.431 309.3643 138.7093 252.0034 32.0856365273261
0 1489.5516 489.5827 201.5726 224.8139 72.81124854598141
0 1414.6224 553.849 176.8 201.0 -90.0
0 1623.9808 714.7931 154.0487 221.7102 72.81124854598141
0 1120.28 664.4206 327.3006 468.5245 -0.6185839595915752
0 1095.0224 431.249 260.2 293.6 0.0
