0 581.9708 1035.3177 241.3473 310.7617 4.0563131302826605
0 319.5146 925.4241 158.7713 204.6466 -1.6732648210255547
0 340.9708 648.3176 132.1722 149.5736 19.48056503444799
0 601.3693 599.6404 179.3697 296.9217 -22.918329405326745
0 1209.4844 222.4822 111.9745 123.0337 5.729577951308232
0 1352.0865 315.8635 139.2041 141.4754 13.750987083139757
0 1492.099 809.3633 192.0713 361.7444 84.2704044485979
0 1419.2371 553.9556 171.5164 205.0651 84.2704044485979
0 1432.798 415.469 170.8138 176.8813 -18.907624839411028
0 982.748 244.2554 119.9382 197.5579 -2.9104151401148783
