0 849.9023 1144.7223 330.944 372.0792 38.38817227376516
0 320.331 990.1121 143.6035 206.3206 67.70025455426477
0 348.2216 650.3902 144.4582 157.083 20.05352282957881
0 595.4483 613.9494 172.819 316.3594 -17.188751454018586
0 706.1961 1387.7912 220.0068 526.8095 42.398876839680916
0 1284.896 277.896 197.0248 224.4072 -2.2918487806171015
0 1538.5368 799.5155 180.0991 339.1024 84.2704044485979
0 1421.4271 559.0282 171.7604 210.9508 84.2704044485979
0 1432.4252 433.5893 134.4886 167.4504 71.09237516058897
0 924.5664 216.8646 122.5769 223.4817 -2.9104151401148783
0 1104.996 421.481 169.8933 433.9366 -1.7600093883629597e-05
