0 317.9106 1029.4869 128.8959 179.6483 49.89293674074855
0 344.4802 643.3794 133.4548 146.2186 32.70420288682379
0 547.9722 545.8692 156.5026 230.9925 61.35209264336498
0 578.6304 1084.913 190.8936 259.547 34.37746770784939
0 1576.1304 796.9131 189.4255 251.1294 83.12448885833629
0 1407.3831 545.7707 181.0255 186.575 -5.729595551402099
0 1327.1304 322.9131 143.5569 154.2575 1.673247220931728
0 1188.6949 227.041 82.2483 110.3841 -6.875511141663708
0 975.1305 230.4131 117.9999 157.0 -1.7600093883629597e-05
0 1056.2393 1145.5491 379.2605 410.2872 -19.526191198908748
