0 601.6316 928.8319 256.4094 281.3426 -55.62253229215061
0 313.1092 1027.0324 193.1177 339.244 81.40561547294385
0 363.9187 611.7181 157.9836 166.4891 -70.51943496555201
0 579.7224 607.949 190.7335 261.8613 -17.188751454018586
0 859.1561 222.1007 107.9846 129.7569 -9.167342322186983
0 1121.1224 169.0999 122.0 129.3019 0.0
0 1337.7768 280.6718 136.4992 219.3079 14.896902673401405
0 1457.4446 448.576 179.5378 200.5443 72.81124854598141
0 1416.1224 553.449 176.0 198.0 -90.0
0 1618.2185 718.7089 158.1248 208.386 72.81124854598141
0 988.3873 320.3203 147.2505 373.1788 2.246205016062561
0 1118.9867 391.017 158.5908 406.9005 5.156620156177409
