0 603.5802 1067.2998 200.1773 394.1061 34.37746770784939
0 319.7224 898.049 136.8 158.4 0.0
0 380.5855 592.4736 127.9156 151.3728 19.48056503444799
0 588.6889 632.2472 166.8458 316.3487 -22.918329405326745
0 942.6224 274.949 129.0 129.0 0.0
0 1221.5988 201.0199 144.4244 178.2438 11.459155902616464
0 1370.166 293.6016 151.3025 272.2578 20.626480624709636
0 1481.1225 475.949 196.4307 232.3273 72.81124854598141
0 1429.1224 552.449 186.0 220.0 -90.0
0 1618.104 705.7078 208.7792 208.8552 72.81124854598141
0 1546.1119 966.1321 222.3755 458.6455 80.25969988268213
0 1104.1224 440.949 258.0 323.0 0.0
