0 590.7125 992.8563 237.9762 313.8148 61.87944187412891
0 313.5342 1025.6204 107.7282 202.9353 45.15029731552147
0 355.3932 612.5393 163.6493 167.044 -63.084620024375425
0 593.9589 603.0484 180.166 297.5456 -17.188751454018586
0 1633.3333 1209.6949 164.1824 328.5775 -53.196398680574134
0 1502.8712 1334.511 196.4055 446.2732 -53.27145615173629
0 954.87 358.0096 188.6207 420.1268 -10.347348901258897
0 1707.3498 859.1976 156.5111 345.9857 -85.90747706093956
0 1413.6633 546.1596 171.3661 209.0819 -90.0
0 1592.0461 771.179 191.9194 450.9361 68.77052099160085
0 810.2815 209.0042 131.9454 181.3733 -20.09914899403958
0 1133.9461 420.8489 197.7011 441.6595 2.291831180523293
