0 601.6316 928.8319 256.4094 281.3426 -55.62253229215061
0 320.992 1022.8011 178.3732 240.7857 53.94926747112507
0 366.9826 607.1458 165.4164 169.1776 25.210142985756224
0 600.9933 602.1746 170.2119 302.1452 -17.188751454018586
0 1610.0438 1249.0572 164.5968 337.7962 -77.40140180633239
0 1194.0195 1442.1449 344.1937 526.7782 -10.938297571156852
0 1355.3339 274.3817 121.9019 264.9029 20.626480624709636
0 1662.1863 817.8091 184.8431 312.1028 -72.8112661460753
0 1412.4825 553.1458 181.3937 212.7203 -90.0
0 1577.0776 806.9637 193.0816 476.0868 71.09237516058897
0 814.4385 206.4233 157.1974 204.4613 -14.369571042731309
0 1573.4558 1040.659 276.7947 473.6052 -89.47912406844657
