0 601.6316 928.8319 256.4094 281.3426 -55.62253229215061
0 323.2969 939.4278 172.7204 185.0866 88.32673517897445
0 376.083 589.7245 139.8004 153.6283 25.210142985756224
0 578.7484 611.6783 192.8581 293.368 -17.188751454018586
0 993.3095 301.4302 142.4748 257.5576 -3.437764370878824
0 1164.1668 187.7253 126.4748 158.0423 5.729577951308232
0 1361.6703 286.6944 151.3888 256.6749 20.626480624709636
0 1422.5262 358.9815 180.7148 244.724 18.95321580368409
0 1412.4825 553.1458 181.3937 212.7203 -90.0
0 1624.7851 543.8492 188.8769 262.1127 55.049556896925935
0 945.9826 193.0458 107.629 161.6724 -8.639993091423094
0 1124.5018 444.9918 230.3686 426.3884 3.437746770784939
