0 1450.9171 1379.4592 258.1106 475.5034 -44.163376389534136
0 311.981 926.0544 176.6497 179.9565 4.0563131302826605
0 602.4186 401.7745 224.039 299.2135 -29.83943151126357
0 601.8483 609.3494 172.819 316.3594 -17.188751454018586
0 820.4727 1471.53 334.5552 517.0858 17.188733853924695
0 1251.7704 205.5051 147.8967 183.3272 8.021409131831525
0 1540.2175 905.7948 214.8611 416.2259 79.11378429242052
0 1497.2747 569.6577 148.2014 205.9604 74.53012193137391
0 1402.824 432.1004 137.9942 213.1834 65.36279720928076
0 906.2371 221.0759 140.0311 219.0977 -4.056330730376516
0 1056.4494 396.9494 239.0 416.0 0.0
