0 581.3333 1039.3621 242.0469 318.9205 4.0563131302826605
0 329.6413 934.9057 146.7668 160.2666 -1.6732648210255547
0 348.0646 621.3449 129.2862 163.1925 19.48056503444799
0 595.4776 604.1552 188.9766 297.2906 -22.918329405326745
0 1229.1979 197.8773 129.078 161.8921 11.459155902616464
0 912.8225 1470.2866 297.2251 527.8127 18.86198107485643
0 1500.0757 808.9181 184.0191 370.7386 84.2704044485979
0 1418.8577 550.2361 178.994 205.0774 84.2704044485979
0 1474.5965 469.0454 153.3639 239.3115 88.28110901451367
0 946.1633 233.9796 144.776 221.2613 -6.348161910899819
0 1356.6319 1103.6768 356.0209 429.6931 -77.92227773788579
