0 601.6316 928.8319 256.4094 281.3426 -55.62253229215061
0 317.6593 1024.8723 178.9466 232.9588 53.94926747112507
0 369.7127 601.9195 157.7316 164.5128 25.210142985756224
0 600.9933 602.1746 170.2119 302.1452 -17.188751454018586
0 1616.741 1226.9566 179.8383 360.2738 -76.20340435249335
0 1121.2239 707.0052 288.0338 538.4877 0.0
0 1364.1318 289.5789 138.8024 259.8297 20.626480624709636
0 1664.4024 658.3685 165.8397 328.9011 72.81124854598141
0 1412.4825 553.1458 181.3937 212.7203 -90.0
0 1589.0776 842.9637 193.0816 476.0868 65.36279720928076
0 812.7385 204.7233 144.8523 200.2663 -14.369571042731309
0 1688.1231 959.1953 191.173 401.6661 67.08167059467326
