0 578.4494 1040.9494 241.2473 287.786 4.0563131302826605
0 327.4318 931.6421 142.5402 153.6132 -1.6732648210255547
0 348.4509 630.6154 132.1991 183.4624 25.210142985756224
0 582.6596 617.9938 174.1829 299.453 -22.918329405326745
0 1084.9398 460.6565 244.1675 502.7097 6.111568913321952
0 1534.8417 1339.7988 261.954 496.4055 -50.511538300433955
0 1532.8005 789.4794 181.184 348.3932 84.2704044485979
0 1416.8577 552.2361 178.994 205.0774 84.2704044485979
0 1391.1367 412.0366 147.3701 170.2227 65.36279720928076
0 1067.8742 199.4145 118.4765 195.8573 -2.5284241781011474
0 1724.6624 1089.4485 157.1957 375.06 -86.70761149796522
