0 317.9106 1029.4869 128.8959 179.6483 49.89293674074855
0 344.4802 643.3794 133.4548 146.2186 32.70420288682379
0 549.3555 544.7987 155.9501 227.5382 61.35209264336498
0 576.1304 1082.413 173.2842 260.3106 34.37746770784939
0 1542.2386 766.1262 164.0898 189.3011 78.54082649728974
0 1408.3831 548.7707 180.4053 182.4165 84.2704044485979
0 1315.9826 321.9336 151.3176 152.4423 1.673247220931728
0 1187.4904 230.4655 91.5465 105.7671 0.9003458792685756
0 970.9785 229.3064 117.7324 144.7866 -1.7600093883629597e-05
0 1590.5367 1199.9135 317.7051 455.3216 -76.82197071199107
