0 577.1338 1041.9263 250.2365 300.0064 4.0563131302826605
0 327.4318 931.6421 142.5402 153.6132 -1.6732648210255547
0 346.84 634.2387 132.0275 175.5336 25.210142985756224
0 580.3376 618.8924 179.4249 298.8986 -22.918329405326745
0 884.3554 1088.0909 303.1983 358.245 -79.68675968764518
0 1526.7198 1343.8165 239.0925 495.4844 -50.511538300433955
0 1537.0211 793.6396 173.0209 355.9616 84.2704044485979
0 1416.8577 552.2361 178.994 205.0774 84.2704044485979
0 1435.9785 434.6426 123.2204 175.3309 71.09237516058897
0 1123.2039 200.3291 123.1396 193.5312 2.8191628111933653
0 1147.0239 688.8409 347.463 370.3932 76.24899531676641
