0 602.9336 929.0968 266.5739 283.7909 -55.62253229215061
0 324.8825 1021.5031 165.454 235.6181 53.94926747112507
0 373.5935 599.6274 117.7823 154.6474 -47.60112316031908
0 600.9933 602.1746 170.2119 302.1452 -17.188751454018586
0 1695.6505 996.4872 163.8852 317.3499 74.57574809583465
0 1492.1538 1347.8214 224.1756 454.3008 -63.02537506448442
0 1136.1423 182.0234 125.0249 170.2166 3.437746770784939
0 1684.4312 740.6808 220.533 363.0886 83.12448885833629
0 1413.6825 548.3458 181.3937 212.7203 -90.0
0 1605.9978 662.8989 119.9444 324.0338 29.839413911169743
0 821.5831 203.7914 150.0682 181.5751 -8.639993091423094
0 1085.0767 400.5896 214.6549 419.374 -1.7600093883629597e-05
