0 602.7802 1065.2998 200.1773 394.1061 34.37746770784939
0 314.1224 906.449 132.0 156.0 0.0
0 376.5855 598.0736 127.9156 151.3728 19.48056503444799
0 588.6889 632.2472 166.8458 316.3487 -22.918329405326745
0 942.6224 274.949 129.0 129.0 0.0
0 1220.1169 201.6441 141.7677 176.5955 11.459155902616464
0 1359.0748 291.1912 149.993 278.6255 18.334649444186343
0 1481.1225 475.949 196.4307 232.3273 72.81124854598141
0 1425.1224 554.049 182.8 212.0 -90.0
0 1620.4905 710.1385 189.5417 206.2822 72.81124854598141
0 1550.1731 963.4873 223.4433 468.4451 79.57215052852519
0 1104.1224 440.949 258.0 323.0 0.0
