0 601.6316 928.8319 256.4094 281.3426 -55.62253229215061
0 324.8825 1021.5031 165.454 235.6181 53.94926747112507
0 375.9142 579.3336 167.0448 190.0184 25.210142985756224
0 600.9933 602.1746 170.2119 302.1452 -17.188751454018586
0 1695.3843 1036.0974 145.8163 341.6942 84.8889884081895
0 1516.3538 1313.0214 224.1756 454.3008 -63.02537506448442
0 1237.8048 194.5709 113.6772 180.3843 3.437746770784939
0 1659.8279 798.9779 183.9382 288.911 -55.62253229215061
0 1412.4825 553.1458 181.3937 212.7203 -90.0
0 1587.9494 830.4494 198.4426 471.6625 65.36279720928076
0 839.0782 197.917 163.4084 193.5665 -8.639993091423094
0 1092.4493 413.326 214.9999 413.2467 -1.7600093883629597e-05
