0 601.6316 928.8319 256.4094 281.3426 -55.62253229215061
0 320.992 1022.8011 178.3732 240.7857 53.94926747112507
0 361.1938 612.6825 164.128 176.718 25.210142985756224
0 600.9933 602.1746 170.2119 302.1452 -17.188751454018586
0 1692.7329 1086.7611 153.464 339.2218 -83.65185568919406
0 1492.1252 1356.0913 254.9774 470.8115 -53.85805034239121
0 1304.2651 233.1308 160.8863 229.8487 14.896902673401405
0 1666.5932 810.878 174.621 287.2993 -55.62253229215061
0 1412.4825 553.1458 181.3937 212.7203 -90.0
0 1581.5658 823.7689 172.0346 474.6107 71.09237516058897
0 829.0782 198.717 163.4084 193.5665 -14.369571042731309
0 1091.4826 596.6432 332.1087 552.0001 -2.2918487806171015
