0 601.6316 928.8319 256.4094 281.3426 -55.62253229215061
0 989.3407 846.6985 385.3736 394.681 2.9103975400209947
0 368.1416 598.8995 137.3508 150.9761 25.210142985756224
0 566.9553 607.7849 209.4991 257.963 -17.188751454018586
0 873.7561 221.3007 107.9846 129.7569 -9.167342322186983
0 1158.9763 179.593 119.3842 145.9728 4.583662361046586
0 1377.1912 272.2248 145.4645 221.8267 14.896902673401405
0 1440.492 431.0958 142.7603 181.07 61.35209264336498
0 1407.6224 550.449 170.0 215.0 -90.0
0 1618.2185 718.7089 158.1248 208.386 72.81124854598141
0 961.9207 208.7556 119.2969 218.7923 -6.348161910899819
0 1103.6224 409.449 235.0 402.0 0.0
