0 601.6316 928.8319 256.4094 281.3426 -55.62253229215061
0 309.8829 1029.7052 180.2846 214.6962 53.94926747112507
0 376.083 589.7245 139.8004 153.6283 25.210142985756224
0 600.9933 602.1746 170.2119 302.1452 -17.188751454018586
0 1574.3708 1242.0545 193.9855 374.9417 -69.9008686060543
0 1080.7239 434.0028 205.4338 458.8924 0.0
0 1383.5318 308.9789 138.8024 259.8297 22.91831180523293
0 1665.2024 660.3685 165.8397 328.9011 72.81124854598141
0 1412.4825 553.1458 181.3937 212.7203 -90.0
0 1588.2553 838.8822 183.9755 476.3601 67.65462838980409
0 827.5385 205.1233 137.1026 198.2809 -14.369571042731309
0 1665.6493 950.4494 198.0544 351.2157 69.37350177519647
