0 1448.5009 1377.7711 259.5644 475.5186 -44.163376389534136
0 320.9143 987.3218 140.6672 206.0476 63.116592193218224
0 360.8723 567.7016 132.6483 243.2169 -69.37351937529036
0 601.8483 609.3494 172.819 316.3594 -17.188751454018586
0 781.2055 1455.5569 297.9102 505.9436 17.188733853924695
0 1344.809 278.1614 146.5027 188.0336 5.156620156177409
0 1500.2588 810.0907 241.2629 350.0575 77.96786870215885
0 1481.047 556.9357 168.7106 173.0775 72.81124854598141
0 1433.1456 433.4321 147.684 164.3305 71.09237516058897
0 906.9118 223.6439 141.5545 222.4887 -2.9104151401148783
0 1098.4494 399.9494 239.0 416.0 0.0
