0 598.7802 1066.2998 200.1773 394.1061 34.37746770784939
0 325.1224 899.949 138.0 145.0 0.0
0 385.1225 597.449 139.3199 140.7479 -64.78985701424378
0 588.6175 627.3911 187.7926 326.437 -22.918329405326745
0 942.6224 274.949 129.0 129.0 0.0
0 1179.334 195.3638 130.741 176.2862 6.302535746439056
0 1401.431 309.3643 138.7093 252.0034 32.0856365273261
0 1497.5858 489.0447 205.2931 240.4825 72.81124854598141
0 1417.1224 556.449 178.0 196.0 -90.0
0 1629.3048 704.507 143.0518 237.7278 72.81124854598141
0 1572.7508 882.5236 203.2598 442.5611 74.53012193137391
0 1098.6224 439.949 261.0 321.0 0.0
