0 573.5338 1046.7263 250.2365 300.0064 4.0563131302826605
0 327.4318 931.6421 142.5402 153.6132 -1.6732648210255547
0 346.84 634.2387 132.0275 175.5336 25.210142985756224
0 582.8596 618.1271 174.1829 299.453 -22.918329405326745
0 901.7532 877.8319 357.1457 395.9451 -49.89295434084238
0 1534.0257 1338.9497 263.365 495.4535 -50.511538300433955
0 1535.1269 796.9759 165.8015 351.5258 84.2704044485979
0 1416.8577 552.2361 178.994 205.0774 84.2704044485979
0 1427.4785 437.1426 123.9989 157.628 71.09237516058897
0 1123.2039 200.3291 123.1396 193.5312 2.8191628111933653
0 1421.2088 1076.6251 306.699 553.3063 -85.42281093816388
