0 1454.6582 1370.5284 234.6179 469.5177 -44.163376389534136
0 317.49 992.2813 142.0059 210.9579 65.40842337374147
0 332.2494 643.6493 148.3849 153.2576 19.48056503444799
0 601.8483 609.3494 172.819 316.3594 -17.188751454018586
0 684.5435 1403.652 301.2301 527.5316 45.83662361046586
0 1319.5498 263.1543 172.1082 245.5368 9.167324722093172
0 1534.1067 803.2067 172.5692 348.6554 84.2704044485979
0 1425.6328 551.8236 180.7453 204.4326 84.2704044485979
0 1429.7176 431.0745 141.0015 159.3724 71.09237516058897
0 821.2066 213.1067 158.141 167.3412 -8.639993091423094
0 1055.2225 395.1913 234.5201 416.0369 -5.729595551402099
