0 598.7615 1047.1728 228.9862 373.0219 33.16256912292846
0 324.4318 933.6421 148.6545 149.7901 -1.6732648210255547
0 340.0446 648.8317 139.5065 151.2171 25.210142985756224
0 577.5978 623.4886 225.8828 299.7662 -22.918329405326745
0 964.7885 1476.3266 314.0772 519.1808 11.000789666511807
0 1655.4466 697.7317 195.1836 368.7757 68.75493541569878
0 1526.3269 797.567 181.8544 312.2936 84.2704044485979
0 1415.9493 557.4494 175.996 221.5364 84.2704044485979
0 1430.4252 430.5893 134.4886 167.4504 71.09237516058897
0 966.975 223.3803 110.6614 240.5705 -7.723260619213761
0 1118.796 424.981 172.8934 443.9366 5.729577951308232
