0 594.1516 978.3835 248.2294 289.0487 34.37746770784939
0 324.3881 1024.7794 159.6985 226.2545 48.219689519816825
0 299.6446 704.0265 166.576 224.3804 -70.51943496555201
0 588.645 608.9964 197.8374 307.8811 -17.188751454018586
0 1468.1961 1370.5309 281.1315 453.5251 -52.83944597420765
0 727.4543 555.606 407.1016 507.4574 64.78983941414998
0 1609.327 869.5694 237.849 430.086 72.81124854598141
0 1414.4825 549.1458 181.3937 212.7203 -90.0
0 1420.749 342.1888 130.8427 226.1897 10.613471320877863
0 878.1359 197.757 138.891 190.0296 -8.639993091423094
0 1146.2272 427.4494 215.0001 447.0 -1.7600093883629597e-05
