0 601.6316 928.8319 256.4094 281.3426 -55.62253229215061
0 363.6282 1159.5037 207.404 351.719 84.2704044485979
0 362.5388 613.399 153.894 167.9699 -70.51943496555201
0 580.1224 608.449 188.5548 263.4902 -17.188751454018586
0 862.7561 222.1007 107.9846 129.7569 -9.167342322186983
0 1127.1224 168.0999 131.3019 134.0 -90.0
0 1355.2768 284.8718 158.7945 252.971 14.896902673401405
0 1416.9662 423.9092 154.1829 165.6746 61.35209264336498
0 1416.1224 553.449 176.0 198.0 -90.0
0 1618.2185 718.7089 158.1248 208.386 72.81124854598141
0 996.9559 214.5778 148.633 220.0795 -2.9104151401148783
0 1096.1825 398.3922 205.2797 425.7136 0.0
