0 580.8838 1030.9617 244.6909 308.0557 4.0563131302826605
0 327.4318 931.6421 142.5402 153.6132 -1.6732648210255547
0 345.379 628.0023 132.1333 185.3711 19.48056503444799
0 597.72 606.7112 186.8365 303.7455 -22.918329405326745
0 1277.644 215.924 121.0317 155.0211 17.188733853924695
0 1528.1913 1341.7076 217.8362 510.5749 -50.511538300433955
0 1519.1949 794.7307 185.7495 336.7174 84.2704044485979
0 1418.8577 550.2361 178.994 205.0774 84.2704044485979
0 1479.8889 472.1214 150.6286 231.5914 77.96786870215885
0 919.0623 221.9176 136.6408 233.1411 -2.9104151401148783
0 1301.5413 1025.8452 343.8758 364.7309 48.74702115048689
