0 574.4766 1045.9549 250.2365 300.0064 4.0563131302826605
0 327.4318 931.6421 142.5402 153.6132 -1.6732648210255547
0 346.84 634.2387 132.0275 175.5336 25.210142985756224
0 582.8208 617.8721 174.0558 298.9531 -22.918329405326745
0 990.8752 828.8741 385.8674 402.1204 42.071488755543164
0 1534.0257 1339.7497 263.365 495.4535 -50.511538300433955
0 1535.276 799.1425 161.46 351.39 84.2704044485979
0 1416.8577 552.2361 178.994 205.0774 84.2704044485979
0 1425.3687 434.0598 126.356 155.7642 70.60123573860284
0 1123.2039 200.3291 123.1396 193.5312 2.8191628111933653
0 1493.0543 1075.1834 199.3503 501.6519 -89.51539117300382
