0 580.8838 1030.9617 244.6909 308.0557 4.0563131302826605
0 327.4318 931.6421 142.5402 153.6132 -1.6732648210255547
0 353.7156 618.5899 120.4687 181.8147 19.48056503444799
0 597.72 606.7112 186.8365 303.7455 -22.918329405326745
0 1279.6012 207.4256 138.8709 153.3645 11.459155902616464
0 1353.6743 1375.4607 333.7248 493.4733 -41.3442135783408
0 1516.8413 791.7057 192.0808 330.2098 84.2704044485979
0 1418.8577 550.2361 178.994 205.0774 84.2704044485979
0 1476.8079 480.0168 131.2982 243.0744 88.28110901451367
0 926.0623 222.9176 136.6408 233.1411 -2.9104151401148783
0 1752.7685 1154.3157 220.7881 337.7392 -81.36002450867073
