0 1140.9721 1309.7126 317.5893 408.081 -44.163376389534136
0 321.49 991.2813 142.0059 210.9579 65.40842337374147
0 345.809 648.9554 145.1655 156.759 19.48056503444799
0 594.8483 614.3494 172.819 316.3594 -17.188751454018586
0 674.6532 1390.1285 235.2263 522.6017 45.83662361046586
0 1284.896 277.896 197.0248 224.4072 -2.2918487806171015
0 1538.5368 799.5155 180.0991 339.1024 84.2704044485979
0 1419.1505 554.7054 177.1513 207.0399 84.2704044485979
0 1432.4252 433.5893 134.4886 167.4504 71.09237516058897
0 901.8118 204.8667 112.5867 193.6 -6.348161910899819
0 1100.5639 408.349 182.5573 418.2727 -1.7600093883629597e-05
