0 317.9106 1029.4869 128.8959 179.6483 49.89293674074855
0 344.4802 643.3794 133.4548 146.2186 32.70420288682379
0 547.9722 545.8692 156.5026 230.9925 61.35209264336498
0 578.6304 1084.913 190.8936 259.547 34.37746770784939
0 1568.6304 796.9131 187.6299 236.2373 83.12448885833629
0 1407.3831 545.7707 181.0255 186.575 -5.729595551402099
0 1321.6648 325.7582 149.0233 154.127 1.673247220931728
0 1188.6949 227.041 82.2483 110.3841 -6.875511141663708
0 975.7305 230.4131 119.1999 157.0 -1.7600093883629597e-05
0 998.9916 1178.4967 328.5901 444.956 -6.348161910899819
