0 625.6862 1011.9521 317.2997 323.848 9.785891081590876
0 324.4318 933.6421 148.6545 149.7901 -1.6732648210255547
0 341.84 636.2387 132.0275 175.5336 25.210142985756224
0 580.1688 622.1508 192.3019 304.7695 -22.918329405326745
0 973.4494 1486.9493 250.5248 523.6051 5.729577951308232
0 1488.9061 1357.1013 220.2556 498.8615 -33.895762241640085
0 1534.2631 791.5718 182.6981 350.886 84.2704044485979
0 1415.9493 557.4494 175.996 221.5364 84.2704044485979
0 1430.4252 430.5893 134.4886 167.4504 71.09237516058897
0 1127.0597 196.9671 127.3314 183.401 8.548740762501609
0 1119.2103 425.6464 164.6966 446.0965 5.729577951308232
