0 578.4494 1040.9494 241.2473 287.786 4.0563131302826605
0 327.4318 931.6421 142.5402 153.6132 -1.6732648210255547
0 348.566 630.3565 132.2114 184.0287 25.210142985756224
0 579.8596 616.1271 174.1829 299.453 -22.918329405326745
0 1058.5589 288.0036 172.1986 321.0824 -4.0107221660096
0 1549.7656 1332.5643 231.8065 510.2394 -50.511538300433955
0 1539.3583 789.9335 180.2289 361.3526 84.2704044485979
0 1416.8577 552.2361 178.994 205.0774 84.2704044485979
0 1417.5019 417.4163 115.6085 149.4409 65.36279720928076
0 946.2863 239.7038 124.5231 257.0702 -6.921119706030652
0 1789.6102 1160.3879 158.6509 295.5751 -81.93298230380157
