0 597.8467 1022.1001 244.5943 346.2952 34.37746770784939
0 322.2077 990.9202 148.4963 203.1047 48.219689519816825
0 356.3656 583.3377 177.7104 182.3038 -60.77915244832802
0 597.8012 609.3241 180.5366 313.919 -17.188751454018586
0 1233.171 1402.5929 291.6842 491.6654 -26.356076176111742
0 920.9188 406.2008 201.0727 470.3608 -9.740300117317872
0 1605.2659 899.3782 227.0531 475.639 80.25969988268213
0 1414.4825 549.1458 181.3937 212.7203 -90.0
0 1408.0427 361.5251 143.9214 235.1735 11.504764466983374
0 882.0196 190.2535 130.1871 171.1297 -8.639993091423094
0 1109.5468 420.034 189.0818 449.1675 4.010704565915763
