0 587.4714 984.6723 252.6458 300.2556 34.37746770784939
0 324.3881 1024.7794 159.6985 226.2545 48.219689519816825
0 308.8678 648.8627 182.1875 210.2777 -62.185477356476625
0 579.8012 609.8241 215.2242 304.2356 -17.188751454018586
0 1755.4229 1143.9533 132.1116 272.2476 -80.73498484996253
0 1520.1689 1303.9293 238.118 454.531 -67.19232522113231
0 814.8197 481.0042 324.4507 467.5081 -25.21016058585002
0 1577.8462 793.8126 228.2132 436.645 63.261932861874584
0 1412.7552 542.2367 181.3937 212.7203 -90.0
0 1626.607 587.3259 156.8971 278.2074 46.437829348771174
0 816.5251 210.5051 130.9674 190.9597 -18.53652119937925
0 1148.9948 420.4506 196.6364 448.8159 -1.7600093883629597e-05
