0 604.5467 1017.3576 231.2397 243.5191 34.37746770784939
0 332.6224 889.949 153.0 155.0 0.0
0 337.5953 637.4286 138.5291 161.1288 25.210142985756224
0 583.7724 622.549 174.3695 315.6113 -22.918329405326745
0 832.4563 224.1827 102.684 141.4855 -9.167342322186983
0 1101.3724 176.8499 141.1 142.4019 0.0
0 1401.431 309.3643 138.7093 252.0034 32.0856365273261
0 1496.7516 491.9827 210.4137 237.1522 72.81124854598141
0 1417.1224 556.449 178.0 196.0 -90.0
0 1626.1851 702.7663 143.4377 226.7205 72.81124854598141
0 1561.5512 939.4665 183.5493 441.6991 76.07710797822716
0 1110.6224 413.949 269.0 373.0 0.0
