0 601.6316 928.8319 256.4094 281.3426 -55.62253229215061
0 928.8154 947.2668 356.872 412.7826 -50.94763520227639
0 386.1224 565.249 140.1134 166.1453 25.210142985756224
0 570.3358 615.3353 211.1325 241.5388 -17.188751454018586
0 879.7494 227.5704 117.7422 141.5342 -10.313257912448648
0 1197.5746 188.0589 132.1901 149.9114 10.313240312354818
0 1342.4042 277.9135 125.4483 214.7121 13.750987083139757
0 1431.692 436.2958 145.2566 171.4946 61.35209264336498
0 1407.6224 550.449 170.0 215.0 -90.0
0 1627.2804 716.3618 152.3928 226.8513 73.61338945916464
0 982.2696 214.3475 116.8956 218.8042 -2.9104151401148783
0 1106.553 405.8285 237.4509 380.8317 4.583662361046586
