0 581.9708 1035.3177 241.3473 310.7617 4.0563131302826605
0 319.2143 925.6204 158.1593 205.0217 -1.6732648210255547
0 340.9708 648.3176 132.1722 149.5736 19.48056503444799
0 602.9151 598.3072 175.5466 298.9003 -22.918329405326745
0 1209.4844 222.4822 111.9745 123.0337 5.729577951308232
0 1343.3918 315.3596 139.053 151.7611 -72.8112661460753
0 1492.099 809.3633 192.0713 361.7444 84.2704044485979
0 1419.2371 553.9556 171.5164 205.0651 84.2704044485979
0 1427.248 422.369 154.0376 174.9404 -18.907624839411028
0 982.748 244.2554 119.9382 197.5579 -2.9104151401148783
