0 592.0532 984.5793 255.2482 271.168 34.37746770784939
0 332.6224 889.949 153.0 155.0 0.0
0 344.5236 622.2585 148.5354 169.4034 25.210142985756224
0 597.1787 611.4537 190.8202 323.9323 -22.918329405326745
0 904.7266 215.1199 93.5023 152.4359 -7.276581598255291
0 1107.1774 190.0349 133.93 180.0519 0.0
0 1401.431 309.3643 138.7093 252.0034 32.0856365273261
0 1496.7516 491.9827 210.4137 237.1522 72.81124854598141
0 1417.1224 556.449 178.0 196.0 -90.0
0 1626.491 707.0748 166.2359 230.8577 72.81124854598141
0 1475.5064 1072.8594 261.9892 463.0119 -81.14780206522877
0 1110.6224 413.949 269.0 373.0 0.0
