0 581.9708 1035.3177 241.3473 310.7617 4.0563131302826605
0 322.4585 943.4222 157.8035 160.66 -1.6732648210255547
0 340.9708 648.3176 132.1722 149.5736 19.48056503444799
0 599.3081 601.418 184.4671 294.2837 -22.918329405326745
0 1209.4844 222.4822 111.9745 123.0337 5.729577951308232
0 1342.2783 315.5207 126.1912 150.1594 13.178029288008934
0 1492.099 809.3633 192.0713 361.7444 84.2704044485979
0 1419.2371 553.9556 171.5164 205.0651 84.2704044485979
0 1452.236 408.291 191.8173 195.8981 -50.9932613667371
0 984.605 243.9446 123.6791 197.1257 -2.9104151401148783
