0 583.8102 1043.7616 227.9707 316.6067 34.37746770784939
0 330.3474 890.324 155.65 160.15 0.0
0 385.2447 578.3134 141.6057 182.8275 25.210142985756224
0 582.9916 614.8755 179.9788 293.8567 -22.918329405326745
0 959.6955 227.3678 116.8915 159.089 -8.30790562949079
0 1148.2724 196.4999 135.0 185.3019 4.583662361046586
0 1401.431 309.3643 138.7093 252.0034 32.0856365273261
0 1496.7516 491.9827 210.4137 237.1522 72.81124854598141
0 1409.0474 555.499 179.9 212.15 -90.0
0 1623.9808 714.7931 154.0487 221.7102 72.81124854598141
0 1040.9002 748.6153 350.0257 404.7272 -9.78590868168476
0 1104.9224 441.024 257.6 318.85 0.0
