0 317.9106 1029.4869 128.8959 179.6483 49.89293674074855
0 344.4802 643.3794 133.4548 146.2186 32.70420288682379
0 549.3555 544.7987 155.9501 227.5382 61.35209264336498
0 579.6269 1085.3443 188.7617 259.9604 34.37746770784939
0 1571.1707 799.712 188.5479 249.5113 83.12448885833629
0 1408.3831 548.7707 180.4053 182.4165 84.2704044485979
0 1315.9826 321.9336 151.3176 152.4423 1.673247220931728
0 1192.1822 221.9085 101.2704 122.6901 -1.1459331903554926
0 969.6714 224.1881 115.1181 155.45 -1.7600093883629597e-05
0 1062.2428 1078.0592 351.5798 377.2055 -22.390980174562856
