0 601.6316 915.8319 266.6618 277.8682 34.37746770784939
0 303.6224 910.949 153.0 155.0 0.0
0 360.7724 591.0636 150.9367 153.1307 -70.51943496555201
0 610.4381 603.7422 151.6846 245.1905 -17.188751454018586
0 919.9534 247.712 107.75 192.7696 -9.167342322186983
0 1131.1224 181.5999 114.0 162.3019 0.0
0 1401.431 309.3643 138.7093 252.0034 32.0856365273261
0 1460.2637 449.5909 161.8291 192.4911 72.81124854598141
0 1416.1224 553.449 176.0 198.0 -90.0
0 1623.9808 714.7931 154.0487 221.7102 72.81124854598141
0 1125.7394 642.3858 340.784 479.9461 2.8191628111933653
0 1097.6224 385.449 177.0 366.0 0.0
