0 601.6865 945.8941 279.6794 280.3608 34.37746770784939
0 324.8825 1021.5031 165.454 235.6181 53.94926747112507
0 369.9812 606.9091 135.0663 154.2896 -64.78985701424378
0 600.9933 602.1746 170.2119 302.1452 -17.188751454018586
0 1678.9895 997.3921 170.2476 340.726 44.781942749031884
0 1493.3538 1352.0214 224.1756 454.3008 -63.02537506448442
0 1103.9908 153.6604 107.4678 110.6998 88.85406680964451
0 1667.407 725.7869 186.9068 377.7722 72.81124854598141
0 1415.4825 541.1458 181.3937 212.7203 -90.0
0 1599.282 646.7534 134.8766 315.4716 24.10983595986147
0 820.9786 209.7899 151.4157 182.5024 -13.2236554524697
0 1083.4493 411.326 197.0 437.2468 -1.7600093883629597e-05
