0 602.7802 1065.2998 200.1773 394.1061 34.37746770784939
0 314.1224 906.449 132.0 156.0 0.0
0 371.5855 605.0736 127.9156 151.3728 19.48056503444799
0 588.6889 632.2472 166.8458 316.3487 -22.918329405326745
0 942.6224 274.949 129.0 129.0 0.0
0 1213.8715 201.4815 129.4613 174.4326 11.459155902616464
0 1351.2108 291.1782 148.3562 286.5851 15.469860468532227
0 1481.1225 475.949 196.4307 232.3273 72.81124854598141
0 1420.1224 556.049 178.8 202.0 -90.0
0 1621.4338 709.9806 177.5845 202.535 72.81124854598141
0 1561.1731 958.4873 223.4433 468.4451 78.71271383582894
0 1104.1224 440.949 258.0 323.0 0.0
