0 608.6508 1075.4199 225.0119 352.9056 32.70420288682379
0 328.9318 935.4421 148.6545 149.7901 -1.6732648210255547
0 340.0446 648.8317 139.5065 151.2171 25.210142985756224
0 592.6786 610.2611 172.4341 313.73 -17.761709249149362
0 1022.4528 1480.9466 407.7879 492.2046 -4.0107221660096
0 1347.7095 291.5472 141.1917 258.8471 15.469860468532227
0 1543.896 796.3961 182.5221 345.6115 84.2704044485979
0 1415.9493 557.4494 175.996 221.5364 84.2704044485979
0 1430.4252 430.5893 134.4886 167.4504 71.09237516058897
0 959.5121 224.2 131.3387 242.1449 -8.639993091423094
0 1134.596 424.981 172.8934 443.9366 5.729577951308232
