0 598.7802 1066.2998 200.1773 394.1061 34.37746770784939
0 316.1224 905.449 142.0 152.0 -90.0
0 389.1225 591.449 139.3199 140.7479 -64.78985701424378
0 591.5626 623.7987 177.4972 324.3608 -22.918329405326745
0 942.6224 274.949 129.0 129.0 0.0
0 1145.288 193.4235 116.498 178.6548 5.729577951308232
0 1401.431 309.3643 138.7093 252.0034 32.0856365273261
0 1497.5858 489.0447 205.2931 240.4825 72.81124854598141
0 1417.1224 556.449 178.0 196.0 -90.0
0 1616.5048 705.707 148.3243 212.562 72.81124854598141
0 1565.1224 879.949 207.2353 443.0424 68.8005439800657
0 1100.6224 439.449 265.0 320.0 0.0
