0 601.6316 928.8319 256.4094 281.3426 -55.62253229215061
0 309.4017 906.2308 148.8703 151.8481 -84.27042204869177
0 370.9806 595.6349 164.1141 167.725 19.48056503444799
0 600.4381 603.7422 151.6846 245.1905 -17.188751454018586
0 895.15 224.2156 108.5639 149.0089 -3.437764370878824
0 1122.1224 161.0999 117.3019 120.0 -90.0
0 1363.3362 291.1901 174.5412 213.3185 17.188733853924695
0 1460.4506 455.3465 164.8249 197.996 72.81124854598141
0 1416.1224 553.449 176.0 198.0 -90.0
0 1618.2185 718.7089 158.1248 208.386 72.81124854598141
0 1106.0827 491.1373 272.5489 478.4033 1.1575852053139783
0 1124.1224 304.959 186.0 238.98 0.0
