0 614.6539 1010.6893 230.843 288.1596 32.70420288682379
0 324.4318 933.6421 148.6545 149.7901 -1.6732648210255547
0 340.4036 646.3131 138.0107 156.0804 25.210142985756224
0 578.3933 617.1897 191.7087 294.2476 -22.918329405326745
0 977.8141 1485.2809 258.0789 511.4533 5.729577951308232
0 1548.3511 1213.0217 265.2199 532.3274 -75.72168128619016
0 1523.2292 793.3865 184.1062 328.5661 84.2704044485979
0 1415.9493 557.4494 175.996 221.5364 84.2704044485979
0 1430.4252 430.5893 134.4886 167.4504 71.09237516058897
0 1084.6314 202.9929 115.4722 193.2965 3.9650784014550027
0 1123.396 424.981 172.8934 443.9366 5.729577951308232
