0 580.0718 1040.0899 243.6444 291.0448 4.0563131302826605
0 327.4318 931.6421 142.5402 153.6132 -1.6732648210255547
0 346.9551 633.9799 132.0397 176.0999 25.210142985756224
0 582.7388 617.3338 173.7875 297.8976 -22.918329405326745
0 1124.2487 601.5706 307.8988 544.1637 17.188733853924695
0 1534.0257 1340.0406 263.365 495.4535 -50.511538300433955
0 1532.2463 790.1528 179.9545 347.1561 84.2704044485979
0 1416.8577 552.2361 178.994 205.0774 84.2704044485979
0 1390.09 406.6577 156.4651 158.9118 65.36279720928076
0 1117.2029 222.2249 122.598 237.6478 2.4371718491796344
0 1656.5065 1033.6365 193.9763 442.829 86.4168949604649
