0 603.0316 923.2319 267.2342 277.3295 -55.62253229215061
0 308.3224 916.049 153.0 155.0 1.7188733853924696
0 365.4724 588.4636 158.9738 160.2585 -70.51943496555201
0 610.4381 603.7422 151.6846 245.1905 -17.188751454018586
0 882.5633 244.7395 112.1832 165.2964 -14.896920273495255
0 1131.3224 167.6499 114.4 129.2019 0.0
0 1368.3395 300.844 156.9277 247.7843 26.92901637114869
0 1457.0756 448.7915 169.4718 189.437 72.81124854598141
0 1416.1224 553.449 176.0 198.0 -90.0
0 1622.2521 715.9679 155.2715 217.7129 72.81124854598141
0 1102.6371 605.7749 298.8546 517.9458 -2.9104151401148783
0 1114.1724 337.749 173.1 282.6 0.0
