0 581.3333 1039.3621 242.0469 318.9205 4.0563131302826605
0 329.6413 934.9057 146.7668 160.2666 -1.6732648210255547
0 348.0646 621.3449 129.2862 163.1925 19.48056503444799
0 597.9776 602.9052 183.3978 296.935 -22.918329405326745
0 1229.1979 197.8773 129.078 161.8921 11.459155902616464
0 1032.1556 1455.7363 305.5076 511.9109 7.402825172239943
0 1500.0757 808.9181 184.0191 370.7386 84.2704044485979
0 1418.8577 550.2361 178.994 205.0774 84.2704044485979
0 1478.5278 471.5676 148.0859 247.0192 88.28110901451367
0 950.2019 247.9154 144.6397 197.3659 -3.483372935245683
0 1356.6319 1103.6768 356.0209 429.6931 -75.05748876223169
