0 580.8838 1030.9617 244.6909 308.0557 4.0563131302826605
0 327.4318 931.6421 142.5402 153.6132 -1.6732648210255547
0 354.108 619.0489 119.4225 182.4183 19.48056503444799
0 597.72 606.7112 186.8365 303.7455 -22.918329405326745
0 1277.3012 206.7256 138.8709 153.3645 11.459155902616464
0 1385.1545 1369.9731 317.3845 501.9745 -40.19829798807913
0 1516.2413 791.8057 192.0808 330.2098 84.2704044485979
0 1418.8577 550.2361 178.994 205.0774 84.2704044485979
0 1477.1822 480.3224 130.6649 243.8042 88.28110901451367
0 926.0623 222.9176 136.6408 233.1411 -2.9104151401148783
0 1746.7297 1153.5923 229.5361 343.0112 -80.7870667135399
