0 581.9708 1035.3177 241.3473 310.7617 4.0563131302826605
0 331.1924 930.9147 144.6906 150.1007 88.32673517897445
0 338.5708 654.3176 133.442 156.7616 19.48056503444799
0 599.56 601.5286 179.4105 295.6315 -22.918329405326745
0 1198.4092 222.9315 90.0245 119.9282 5.729577951308232
0 1286.8471 311.0595 200.3549 223.6836 -5.729595551402099
0 1496.5757 809.418 193.0739 370.6422 84.2704044485979
0 1418.8577 550.2361 178.994 205.0774 84.2704044485979
0 1404.5808 413.6252 134.0848 171.011 -18.907624839411028
0 974.7245 246.211 115.7995 199.2611 -2.9104151401148783
