0 1471.9009 1365.9711 210.7277 478.3414 -44.163376389534136
0 317.49 992.2813 142.0059 210.9579 65.40842337374147
0 338.3206 683.5495 147.4566 172.4575 11.459155902616464
0 601.8483 609.3494 172.819 316.3594 -17.188751454018586
0 687.4035 1400.113 241.3158 509.8797 45.83662361046586
0 1334.8093 302.5208 148.6469 220.7473 14.896902673401405
0 1512.2089 805.7915 198.4148 395.264 84.2704044485979
0 1425.6328 551.8236 180.7453 204.4326 84.2704044485979
0 1432.1172 432.7248 145.6792 162.8431 71.09237516058897
0 858.0994 199.5602 126.6386 185.7101 -6.921119706030652
0 1046.1494 392.9494 239.0 416.0 0.0
