0 598.7802 1066.2998 200.1773 394.1061 34.37746770784939
0 316.9224 904.049 144.8 153.6 -90.0
0 389.1225 591.449 139.3199 140.7479 -64.78985701424378
0 590.1333 623.6563 180.0193 322.9853 -22.918329405326745
0 942.6224 274.949 129.0 129.0 0.0
0 1161.288 193.0235 116.498 178.6548 8.021409131831525
0 1401.431 309.3643 138.7093 252.0034 32.0856365273261
0 1497.5858 489.0447 205.2931 240.4825 72.81124854598141
0 1417.1224 556.449 178.0 196.0 -90.0
0 1618.1048 705.107 148.5251 215.9737 72.81124854598141
0 1565.1224 879.949 207.2353 443.0424 68.8005439800657
0 1099.8224 439.649 263.4 320.4 0.0
