0 580.8838 1030.9617 244.6909 308.0557 4.0563131302826605
0 327.4318 931.6421 142.5402 153.6132 -1.6732648210255547
0 349.0089 626.8605 124.7163 184.941 19.48056503444799
0 597.72 606.7112 186.8365 303.7455 -22.918329405326745
0 1268.6517 206.9285 136.4255 154.8865 11.459155902616464
0 1516.016 1340.6387 229.7538 498.5543 -47.073791529649014
0 1524.8838 798.9617 176.1939 347.1935 84.2704044485979
0 1418.8577 550.2361 178.994 205.0774 84.2704044485979
0 1474.9384 477.8266 133.3822 239.4683 88.28110901451367
0 926.0623 222.9176 136.6408 233.1411 -2.9104151401148783
0 1546.3762 1052.9367 260.4074 510.2421 -89.38143364050228
