0 620.1202 1006.5361 306.1405 325.4059 9.785891081590876
0 324.4318 933.6421 148.6545 149.7901 -1.6732648210255547
0 341.84 636.2387 132.0275 175.5336 25.210142985756224
0 579.0845 621.5177 190.7976 302.7588 -22.918329405326745
0 970.919 1489.9037 268.2641 524.2963 4.010704565915763
0 1490.4379 1361.9482 229.5215 499.0819 -33.32280444650925
0 1534.2631 791.5718 182.6981 350.886 84.2704044485979
0 1415.3333 557.8834 176.7367 220.2239 84.2704044485979
0 1430.4252 430.5893 134.4886 167.4504 71.09237516058897
0 1124.1597 196.2671 127.3314 183.401 6.82986737710911
0 1120.8452 426.3204 163.7859 446.3365 5.729577951308232
