0 611.2764 981.8164 387.4465 474.9323 -65.93577260450543
0 312.7 970.389 155.1717 164.9027 88.32673517897445
0 337.5346 652.5034 138.0924 159.9992 25.210142985756224
0 595.988 611.7673 182.9436 316.5229 -17.188751454018586
0 869.3772 1467.1255 239.9864 478.3709 9.167324722093172
0 1288.695 276.1108 195.1396 229.073 -1.1459331903554926
0 1538.5368 799.5155 180.0991 339.1024 84.2704044485979
0 1420.3315 558.7124 172.6075 213.0679 84.2704044485979
0 1432.4252 433.5893 134.4886 167.4504 71.09237516058897
0 962.2619 221.5995 128.6995 239.4763 -2.9104151401148783
0 1117.696 425.981 169.8933 433.9366 -1.7600093883629597e-05
