0 581.9708 1035.3177 241.3473 310.7617 4.0563131302826605
0 334.1413 928.9057 148.5345 156.1134 88.32673517897445
0 348.0646 621.3449 129.2862 163.1925 19.48056503444799
0 598.4776 602.6552 182.282 296.8639 -22.918329405326745
0 1244.5697 200.1997 138.0086 159.9235 11.459155902616464
0 1582.3163 1319.5196 276.8794 418.9306 -74.57576569592852
0 1498.3582 807.0914 187.9971 367.6855 84.2704044485979
0 1418.8577 550.2361 178.994 205.0774 84.2704044485979
0 1470.3515 474.1276 143.4587 230.5204 88.28110901451367
0 974.8701 245.5428 119.4355 196.5056 -2.9104151401148783
0 1282.72 1203.2908 336.4675 395.6968 -51.566219161867934
