0 580.8838 1030.9617 244.6909 308.0557 4.0563131302826605
0 327.4318 931.6421 142.5402 153.6132 -1.6732648210255547
0 346.2631 630.5368 127.8862 185.9006 19.48056503444799
0 597.72 606.7112 186.8365 303.7455 -22.918329405326745
0 1267.977 208.38 135.2029 155.6475 11.459155902616464
0 1519.2485 1342.8086 225.8806 498.0067 -48.21970711991068
0 1524.8838 798.9617 176.1939 347.1935 84.2704044485979
0 1418.8577 550.2361 178.994 205.0774 84.2704044485979
0 1473.6293 476.426 135.0576 236.9355 88.28110901451367
0 926.0623 222.9176 136.6408 233.1411 -2.9104151401148783
0 1514.4693 1046.6021 248.1577 524.7921 -88.23551805024061
