0 601.6316 928.8319 256.4094 281.3426 -55.62253229215061
0 325.5742 1053.401 148.0646 359.9643 84.31603061305867
0 364.699 594.3846 153.875 156.0069 -64.78985701424378
0 584.1484 608.6783 174.7632 287.6605 -17.188751454018586
0 932.6212 248.226 128.1409 193.6552 -5.156637756271323
0 1142.5668 185.7253 126.4748 158.0423 7.448451336700702
0 1369.5435 294.5 141.9332 256.0956 20.626480624709636
0 1408.6525 416.0713 157.5034 166.7002 72.81124854598141
0 1412.4825 553.1458 181.3937 212.7203 -90.0
0 1640.5087 599.5559 258.6609 298.5819 72.81124854598141
0 954.616 175.6065 102.4685 130.8189 -8.639993091423094
0 1076.3721 400.5414 196.0685 423.7001 1.7188733853924696
