0 601.6316 928.8319 256.4094 281.3426 -55.62253229215061
0 309.8829 1029.7052 180.2846 214.6962 53.94926747112507
0 376.083 589.7245 139.8004 153.6283 25.210142985756224
0 600.9933 602.1746 170.2119 302.1452 -17.188751454018586
0 1551.0951 1272.7459 186.4299 392.5219 -67.60903742553097
0 1046.2572 367.8695 186.9005 405.8257 0.0
0 1387.5318 310.1789 138.8024 259.8297 25.210142985756224
0 1666.0024 662.3685 165.8397 328.9011 72.81124854598141
0 1412.4825 553.1458 181.3937 212.7203 -90.0
0 1587.4331 834.8006 174.8695 476.6335 69.9464595703273
0 831.1385 208.3233 129.3528 196.2955 -14.369571042731309
0 1662.8493 950.4494 198.0544 351.2157 71.6653329557198
