0 1461.1439 1316.6124 206.0114 507.2258 -44.73633418466497
0 317.89 992.1813 142.0059 210.9579 65.40842337374147
0 347.6321 665.167 131.9631 163.3571 19.48056503444799
0 601.8483 609.3494 172.819 316.3594 -17.188751454018586
0 706.796 1432.296 294.2524 526.7969 45.83662361046586
0 1284.896 277.896 197.0248 224.4072 -2.2918487806171015
0 1538.5368 799.5155 180.0991 339.1024 84.2704044485979
0 1417.6328 551.8236 180.7453 204.4326 84.2704044485979
0 1428.397 429.8634 144.1489 162.2434 71.09237516058897
0 841.8403 206.8636 150.1918 174.1801 -13.796613247600504
0 1057.2071 403.6854 230.9547 415.3454 -1.7600093883629597e-05
