0 589.9862 1040.3021 245.0122 306.4077 9.785891081590876
0 324.4318 933.6421 148.6545 149.7901 -1.6732648210255547
0 341.84 636.2387 132.0275 175.5336 25.210142985756224
0 580.1688 622.1508 192.3019 304.7695 -22.918329405326745
0 973.4494 1486.9493 250.5248 523.6051 5.729577951308232
0 1507.4718 1326.2106 244.0268 522.6501 -37.90646680755586
0 1534.2631 791.5718 182.6981 350.886 84.2704044485979
0 1415.9493 557.4494 175.996 221.5364 84.2704044485979
0 1430.4252 430.5893 134.4886 167.4504 71.09237516058897
0 1117.9597 195.5671 127.3314 183.401 8.548740762501609
0 1122.4658 425.1289 171.0719 444.4166 5.729577951308232
