0 601.6316 928.8319 256.4094 281.3426 -55.62253229215061
0 312.3824 1028.1518 179.8545 220.5663 53.94926747112507
0 374.0354 593.6443 145.564 157.1269 25.210142985756224
0 600.9933 602.1746 170.2119 302.1452 -17.188751454018586
0 1602.3293 1218.2935 194.0931 359.3963 -73.33861537683919
0 1107.0864 535.9982 237.9088 514.4016 0.0
0 1374.8318 302.0039 138.8024 259.8297 20.76972007349234
0 1664.4524 658.4935 165.8397 328.9011 72.81124854598141
0 1412.4825 553.1458 181.3937 212.7203 -90.0
0 1589.0262 842.7086 192.5124 476.1039 65.50603665806346
0 820.5635 203.0233 144.3679 200.1422 -14.369571042731309
0 1674.598 953.2606 195.8425 367.4319 67.2249100434559
