0 602.3802 1068.6998 200.1773 394.1061 34.37746770784939
0 327.3224 884.249 142.4 164.4 0.0
0 380.5855 592.4736 127.9156 151.3728 19.48056503444799
0 588.6889 632.2472 166.8458 316.3487 -22.918329405326745
0 942.6224 274.949 129.0 129.0 0.0
0 1216.3271 199.8885 133.6417 178.1209 11.459155902616464
0 1375.4867 296.8616 155.0597 271.5702 20.626480624709636
0 1481.1225 475.949 196.4307 232.3273 72.81124854598141
0 1429.1224 552.449 186.0 220.0 -90.0
0 1621.8561 708.6722 200.8975 214.2722 72.81124854598141
0 1555.3811 974.0392 213.6064 443.8541 80.25969988268213
0 1111.1224 441.349 272.0 323.8 0.0
