0 581.3333 1039.3621 242.0469 318.9205 4.0563131302826605
0 329.6413 934.9057 146.7668 160.2666 -1.6732648210255547
0 348.0646 621.3449 129.2862 163.1925 19.48056503444799
0 593.4776 605.1552 193.4397 297.575 -22.918329405326745
0 1229.1979 197.8773 129.078 161.8921 11.459155902616464
0 817.356 1481.9269 290.5991 540.5341 28.029305796949586
0 1500.0757 808.9181 184.0191 370.7386 84.2704044485979
0 1418.8577 550.2361 178.994 205.0774 84.2704044485979
0 1471.4515 467.0276 157.5863 233.1454 88.28110901451367
0 942.9324 222.831 144.885 240.3777 -8.639993091423094
0 1356.6319 1103.6768 356.0209 429.6931 -80.21410891840912
