0 610.2889 977.842 256.8796 292.24 34.37746770784939
0 324.3881 1024.7794 159.6985 226.2545 48.219689519816825
0 311.6152 697.6516 159.9616 221.5067 -70.51943496555201
0 584.5045 610.6771 206.742 308.6453 -17.188751454018586
0 1473.7846 1369.3802 322.8859 450.0435 -56.022570300836435
0 740.2582 546.4534 404.4754 469.3372 64.78983941414998
0 1617.1048 886.7916 237.849 430.086 72.81124854598141
0 1414.4825 549.1458 181.3937 212.7203 -90.0
0 1401.8602 323.3 130.8427 226.1897 16.979719974135435
0 881.4693 197.757 138.891 190.0296 -8.639993091423094
0 1145.6716 427.4494 215.0001 447.0 -1.7600093883629597e-05
