0 601.6316 928.8319 256.4094 281.3426 -55.62253229215061
0 306.3456 996.9644 178.3869 216.2808 71.13800132504974
0 376.083 589.7245 139.8004 153.6283 25.210142985756224
0 600.9933 602.1746 170.2119 302.1452 -17.188751454018586
0 1021.0919 413.4191 159.0886 344.1063 -2.8648065757479912
0 1196.1529 192.9939 127.8917 163.6747 5.729577951308232
0 1323.2903 251.7442 132.3635 157.2782 20.626480624709636
0 1408.4466 331.5675 193.4158 222.6545 21.24504698420742
0 1412.4825 553.1458 181.3937 212.7203 -90.0
0 1600.9327 688.8976 207.9021 314.0442 59.63321925797254
0 944.9826 210.6458 121.0917 199.6813 -8.639993091423094
0 1159.9333 715.3518 335.9758 427.981 73.3842063411123
