0 601.6316 928.8319 256.4094 281.3426 -55.62253229215061
0 310.445 904.4368 143.6445 149.7626 -84.27042204869177
0 371.9149 598.1073 163.6864 167.525 -70.51943496555201
0 600.4381 603.7422 151.6846 245.1905 -17.188751454018586
0 896.453 221.3082 107.5977 149.0016 -3.437764370878824
0 1122.1224 161.0999 117.3019 120.0 -90.0
0 1324.4832 301.9473 189.0016 209.6037 14.896902673401405
0 1458.1756 454.8915 167.0389 193.9181 72.81124854598141
0 1416.1224 553.449 176.0 198.0 -90.0
0 1618.2185 718.7089 158.1248 208.386 72.81124854598141
0 1108.9786 522.9324 285.2479 492.7254 -0.0456261644607423
0 1124.1224 305.449 186.0 238.0 0.0
