0 592.0467 971.4001 244.2363 311.3978 34.37746770784939
0 324.3881 1024.7794 159.6985 226.2545 48.219689519816825
0 289.5605 710.6438 174.0622 223.6443 -70.51943496555201
0 587.1512 608.7741 200.5602 306.5735 -17.188751454018586
0 1475.5686 1362.7636 256.5362 454.8017 -55.003965932652875
0 741.4022 542.4964 422.2537 473.9124 64.78983941414998
0 1600.1773 852.9883 231.9872 431.0706 69.37350177519647
0 1411.7825 547.9458 181.3937 212.7203 -90.0
0 1461.71 365.1514 125.1529 243.4521 11.504764466983374
0 862.4026 201.357 138.891 190.0296 -10.358866476815592
0 1147.6494 426.2494 210.8001 448.8 -1.7600093883629597e-05
