0 581.9708 1035.3177 241.3473 310.7617 4.0563131302826605
0 335.6228 893.3636 172.78 218.0639 -1.6732648210255547
0 340.9708 648.3176 132.1722 149.5736 19.48056503444799
0 601.9718 600.372 174.0671 295.3793 -22.918329405326745
0 1209.4844 222.4822 111.9745 123.0337 5.729577951308232
0 1336.5739 298.2287 191.7727 216.9897 3.437746770784939
0 1487.7519 810.9193 194.2997 352.783 84.2704044485979
0 1418.8577 550.2361 178.994 205.0774 84.2704044485979
0 1424.4966 403.3018 155.6759 182.6289 71.09237516058897
0 974.7245 246.211 115.7995 199.2611 -2.9104151401148783
