0 581.9708 1035.3177 241.3473 310.7617 4.0563131302826605
0 341.5131 886.4433 169.8399 228.1995 -1.6732648210255547
0 340.9708 648.3176 132.1722 149.5736 19.48056503444799
0 604.2914 599.7112 169.2793 295.9687 -22.918329405326745
0 1209.4844 222.4822 111.9745 123.0337 5.729577951308232
0 1383.435 321.3148 166.5488 197.8018 9.740282517223996
0 1487.7519 810.9193 194.2997 352.783 84.2704044485979
0 1419.2371 553.9556 171.5164 205.0651 84.2704044485979
0 1431.9081 436.6345 151.3092 182.535 -18.907624839411028
0 974.7245 246.211 115.7995 199.2611 -2.9104151401148783
