0 601.6316 915.8319 266.6618 277.8682 34.37746770784939
0 303.6224 908.049 153.0 160.8 0.0
0 361.2551 587.682 149.9691 153.4444 20.626480624709636
0 611.1202 604.2077 152.7128 246.4831 -17.188751454018586
0 929.7216 245.9607 108.2994 190.7537 -9.167342322186983
0 1131.9224 181.5999 114.0 162.3019 0.0
0 1401.431 309.3643 138.7093 252.0034 32.0856365273261
0 1459.7461 449.751 161.8291 191.4074 72.81124854598141
0 1416.1224 553.449 176.0 198.0 -90.0
0 1623.9808 714.7931 154.0487 221.7102 72.81124854598141
0 1126.0756 643.6816 341.5831 482.5014 2.8191628111933653
0 1095.6224 389.749 191.8 359.0 0.0
