0 582.5338 1034.7263 250.2365 300.0064 4.0563131302826605
0 326.1818 932.4754 145.0878 152.0202 -1.6732648210255547
0 346.84 634.2387 132.0275 175.5336 25.210142985756224
0 576.5546 620.0404 187.2877 298.067 -22.918329405326745
0 993.7305 1340.502 315.4355 389.8775 13.846499147588066
0 1527.261 1351.2305 209.9659 511.6909 -50.511538300433955
0 1536.7718 794.4 174.4843 355.3137 84.2704044485979
0 1418.7327 544.9444 193.1301 210.2646 84.2704044485979
0 1433.6646 432.9537 127.9155 172.0473 71.09237516058897
0 1123.2039 200.3291 123.1396 193.5312 2.8191628111933653
0 1165.2378 477.077 280.8374 431.7094 1.432394487827058
