0 601.6316 928.8319 256.4094 281.3426 -55.62253229215061
0 288.885 900.3557 168.2929 262.4676 -79.68675968764518
0 370.0882 599.3903 163.7767 168.1244 19.48056503444799
0 601.975 602.0836 163.416 245.5926 -17.188751454018586
0 902.9675 217.1601 127.8227 134.5386 -4.583679961140433
0 1121.9224 162.6999 119.7019 120.4 -90.0
0 1332.5768 280.8718 126.5516 216.2477 14.896902673401405
0 1457.7677 449.2576 178.0446 200.3298 72.81124854598141
0 1416.1224 553.449 176.0 198.0 -90.0
0 1618.2185 718.7089 158.1248 208.386 72.81124854598141
0 932.1774 419.535 213.5298 448.716 -8.067035296292289
0 1119.7224 389.849 184.8 414.8 0.0
