0 601.6316 928.8319 256.4094 281.3426 -55.62253229215061
0 313.2462 1033.5932 152.3938 213.8339 53.94926747112507
0 376.083 589.7245 139.8004 153.6283 25.210142985756224
0 600.9933 602.1746 170.2119 302.1452 -17.188751454018586
0 1121.3083 717.3888 229.1548 367.8472 0.5729577951308232
0 1182.7529 189.9939 139.0357 164.7928 5.729577951308232
0 1340.4267 292.6515 151.0052 235.0349 20.626480624709636
0 1526.839 398.0818 167.7488 216.7563 26.97462493551558
0 1412.4825 553.1458 181.3937 212.7203 -90.0
0 1637.9578 781.0106 204.8026 385.6331 71.09237516058897
0 973.4641 219.586 125.6109 228.8443 -2.9104151401148783
0 1495.3071 1093.5726 306.1629 534.1901 -86.56225322921506
