0 601.6316 928.8319 256.4094 281.3426 -55.62253229215061
0 320.992 1022.8011 178.3732 240.7857 53.94926747112507
0 366.9826 607.1458 165.4164 169.1776 25.210142985756224
0 600.9933 602.1746 170.2119 302.1452 -17.188751454018586
0 1618.6247 1254.7206 162.1432 360.7171 -72.76565758170841
0 1216.0083 1218.1246 359.4531 458.6288 -5.156637756271323
0 1355.5537 275.1214 123.592 264.3956 20.626480624709636
0 1669.324 804.708 181.5985 328.6773 -76.24901291686024
0 1412.4825 553.1458 181.3937 212.7203 -90.0
0 1578.2776 810.5637 193.0816 476.0868 70.51941736545814
0 813.7885 206.3733 155.9629 204.0418 -14.369571042731309
0 1667.8464 1039.0993 254.5066 422.8861 -87.13521102434588
