0 1497.7795 1334.5844 259.8512 475.0784 -44.163376389534136
0 314.2123 965.1629 166.0675 190.2107 -89.95439143563306
0 662.806 355.3763 270.7316 391.3708 57.29577951308232
0 599.0153 609.3317 178.2213 314.6511 -17.188751454018586
0 744.9024 1439.9369 313.2776 512.4212 22.91831180523293
0 1302.4571 256.2682 155.6586 229.9453 13.178029288008934
0 1586.242 916.9584 211.6304 475.468 84.2704044485979
0 1414.4825 549.1458 181.3937 212.7203 -90.0
0 1429.8967 424.6334 144.8548 190.96 65.36279720928076
0 848.1418 207.144 130.06 187.2485 -14.369571042731309
0 1079.9494 393.9494 200.0 414.0 0.0
