0 601.6316 928.8319 256.4094 281.3426 -55.62253229215061
0 587.2382 1262.2598 252.6832 456.9851 61.35209264336498
0 360.0888 616.199 146.9805 170.7219 -70.51943496555201
0 580.1224 608.449 188.5548 263.4902 -17.188751454018586
0 871.1561 222.1007 107.9846 129.7569 -9.167342322186983
0 1141.1224 176.8999 136.1019 136.4 -90.0
0 1370.2733 274.0135 160.8518 228.1491 14.896902673401405
0 1421.6349 416.7985 167.1551 181.4492 61.35209264336498
0 1409.3224 551.049 171.2 211.6 -90.0
0 1618.2185 718.7089 158.1248 208.386 72.81124854598141
0 973.1224 213.549 139.3607 220.2081 -7.494077501161456
0 1096.0224 406.0176 243.8 404.8627 0.0
