0 601.38 928.2005 256.0205 276.3551 -55.62253229215061
0 326.228 1022.0358 162.3622 234.5403 53.94926747112507
0 383.3857 589.2684 126.8602 175.4561 6.875493541569878
0 600.6848 596.6082 150.334 293.513 -17.188751454018586
0 1703.2885 1017.5713 125.9491 317.0788 78.47186110272429
0 1498.3758 1337.0323 223.2524 443.2878 -63.02537506448442
0 1208.6824 197.0653 116.6888 172.5925 8.021409131831525
0 1664.7694 802.7802 160.8888 322.0139 69.6026848932488
0 1412.4825 553.1458 181.3937 212.7203 -90.0
0 1604.9518 729.7764 172.7303 385.3845 56.195472487187544
0 842.9298 203.0732 148.2937 183.2066 -8.869176209475427
0 1083.8033 400.6458 172.3277 420.1334 6.875493541569878
