0 1442.4009 1383.9711 259.5644 475.5186 -44.163376389534136
0 309.731 953.4544 139.9053 182.9987 -85.94368686971734
0 482.6067 485.0352 172.7634 300.5464 -53.33070111162732
0 601.8483 609.3494 172.819 316.3594 -17.188751454018586
0 761.7102 1452.325 330.8025 518.2361 17.188733853924695
0 1323.9589 245.3406 133.7762 196.2138 18.334649444186343
0 1483.2189 818.5885 238.8736 316.8063 73.95716413624314
0 1502.245 571.9568 161.0337 202.4446 72.81124854598141
0 1427.0813 433.1658 145.7461 174.1011 69.9464595703273
0 908.1118 223.4439 141.5545 222.4887 -2.9104151401148783
0 1090.0494 399.3494 239.0 416.0 0.0
