0 581.9708 1035.3177 241.3473 310.7617 4.0563131302826605
0 323.5485 951.248 142.023 157.039 88.32673517897445
0 340.9708 648.3176 132.1722 149.5736 19.48056503444799
0 599.3081 601.418 184.4671 294.2837 -22.918329405326745
0 1209.4844 222.4822 111.9745 123.0337 5.729577951308232
0 1333.1064 315.0858 127.7897 152.4968 14.896902673401405
0 1492.099 809.3633 192.0713 361.7444 84.2704044485979
0 1419.2371 553.9556 171.5164 205.0651 84.2704044485979
0 1457.3952 409.1575 191.2323 202.939 -64.74424844987692
0 985.4009 243.8114 125.2823 196.9404 -2.9104151401148783
