0 593.3456 987.9701 252.7646 268.3078 34.37746770784939
0 332.6224 889.949 153.0 155.0 0.0
0 337.6703 631.8174 146.6717 166.0486 25.210142985756224
0 596.2974 612.0234 190.5 322.4004 -22.918329405326745
0 885.7842 217.3343 90.1846 151.82 -8.47979296803004
0 1104.6424 187.4399 134.32 175.1019 0.0
0 1401.431 309.3643 138.7093 252.0034 32.0856365273261
0 1496.7516 491.9827 210.4137 237.1522 72.81124854598141
0 1417.1224 556.449 178.0 196.0 -90.0
0 1627.1324 704.6079 167.3416 232.9103 72.81124854598141
0 1505.9042 1042.8267 236.1115 503.1693 -86.90602790629356
0 1110.6224 413.949 269.0 373.0 0.0
