0 614.7629 977.3784 279.9669 323.101 34.37746770784939
0 297.178 900.8379 141.0 153.0 0.0
0 389.1225 591.449 139.3199 140.7479 -64.78985701424378
0 582.1224 623.949 172.1806 314.7996 -22.918329405326745
0 852.9045 237.9243 125.2124 150.1796 -11.459173502710257
0 1094.0807 192.0999 124.0834 187.3019 0.0
0 1401.431 309.3643 138.7093 252.0034 32.0856365273261
0 1490.7516 492.9827 208.7781 225.0971 72.81124854598141
0 1417.1224 556.449 178.0 196.0 -90.0
0 1625.0604 703.2625 139.5669 223.577 72.81124854598141
0 1565.1224 879.949 207.2353 443.0424 68.8005439800657
0 1102.6224 438.949 269.0 319.0 0.0
