0 1443.4009 1383.4711 259.5644 475.5186 -44.163376389534136
0 309.981 950.3044 144.3587 182.1816 -85.94368686971734
0 495.5014 475.7188 177.1076 300.3647 -50.46591213597321
0 601.8483 609.3494 172.819 316.3594 -17.188751454018586
0 768.8102 1454.725 330.8025 518.2361 17.188733853924695
0 1316.421 240.5021 134.4377 194.6711 17.188733853924695
0 1490.1444 829.2699 235.8029 328.8895 74.53012193137391
0 1502.8929 571.9605 158.981 202.5517 72.81124854598141
0 1424.0491 433.0326 144.7771 178.9864 69.37350177519647
0 908.7118 223.3439 141.5545 222.4887 -2.9104151401148783
0 1085.8494 399.0494 239.0 416.0 0.0
