0 581.9708 1035.3177 241.3473 310.7617 4.0563131302826605
0 334.1413 928.9057 148.5345 156.1134 88.32673517897445
0 348.0646 621.3449 129.2862 163.1925 19.48056503444799
0 598.4776 602.6552 182.282 296.8639 -22.918329405326745
0 1242.1676 223.4603 114.667 129.3126 -81.97859086816848
0 1610.126 517.4324 195.669 286.0117 51.56620156177409
0 1499.5757 804.418 193.0739 370.6422 84.2704044485979
0 1418.8577 550.2361 178.994 205.0774 84.2704044485979
0 1413.8969 426.8183 133.7041 159.4046 -13.178046888102756
0 974.7245 246.211 115.7995 199.2611 -2.9104151401148783
0 1746.8304 1180.1705 200.7601 346.3122 -76.77636214762418
