0 598.7802 1066.2998 200.1773 394.1061 34.37746770784939
0 326.1224 882.449 140.0 168.0 0.0
0 380.5855 588.4736 127.9156 151.3728 19.48056503444799
0 586.2564 633.2499 172.1077 316.3013 -22.918329405326745
0 942.6224 274.949 129.0 129.0 0.0
0 1179.5357 194.141 126.9458 168.9013 5.729577951308232
0 1372.6678 296.3516 160.6955 270.5387 20.626480624709636
0 1481.5225 477.149 195.485 229.2702 72.81124854598141
0 1417.1224 556.449 178.0 196.0 -90.0
0 1623.0038 726.6887 154.7951 215.2818 78.54082649728974
0 1562.0316 995.6328 205.1514 451.1918 81.40561547294385
0 1090.6224 439.949 245.0 321.0 0.0
