0 601.6316 928.8319 256.4094 281.3426 -55.62253229215061
0 313.1973 1030.2295 182.0928 338.9696 78.54082649728974
0 364.2487 611.2373 159.1104 166.1878 -70.51943496555201
0 579.3224 607.449 192.9121 260.2323 -17.188751454018586
0 859.1561 222.1007 107.9846 129.7569 -9.167342322186983
0 1121.1224 169.0999 122.0 129.3019 0.0
0 1337.1768 280.5718 135.2882 219.1927 14.896902673401405
0 1457.4446 448.576 179.5378 200.5443 72.81124854598141
0 1416.1224 553.449 176.0 198.0 -90.0
0 1618.2185 718.7089 158.1248 208.386 72.81124854598141
0 983.313 326.7772 147.7859 377.5242 1.673247220931728
0 1120.1129 390.1761 159.1918 406.356 4.583662361046586
