0 608.2664 1060.0047 227.5994 342.1189 32.70420288682379
0 323.9571 926.3344 151.4678 154.4896 -1.6732648210255547
0 337.5346 652.5034 138.0924 159.9992 25.210142985756224
0 604.6804 607.4335 163.7737 314.6883 -17.188751454018586
0 1103.9332 1470.3313 301.1415 493.0244 -11.459173502710257
0 1312.3207 272.2268 138.2068 242.1524 10.886198107485642
0 1542.8883 796.1319 181.7952 343.6587 84.2704044485979
0 1415.9493 557.4494 175.996 221.5364 84.2704044485979
0 1434.4252 430.5893 134.4886 167.4504 71.09237516058897
0 967.5121 220.2 131.3387 242.1449 -2.9104151401148783
0 1124.846 427.481 171.9933 440.9366 -1.7600093883629597e-05
