0 611.5359 1073.2281 227.4989 346.5172 32.70420288682379
0 327.0318 931.4421 148.6545 149.7901 -1.6732648210255547
0 338.5386 651.0347 138.6581 156.4864 25.210142985756224
0 601.0804 607.8335 163.7737 314.6883 -17.188751454018586
0 1111.6467 1465.1223 310.6252 490.4056 -9.167342322186983
0 1316.2174 282.3798 134.6211 250.2531 11.459155902616464
0 1543.896 796.3961 182.5221 345.6115 84.2704044485979
0 1415.9493 557.4494 175.996 221.5364 84.2704044485979
0 1432.8252 430.5893 134.4886 167.4504 71.09237516058897
0 964.3121 221.8 131.3387 242.1449 -5.202246320638153
0 1129.196 427.381 172.8934 443.9366 2.291831180523293
