0 1452.8918 1314.3289 210.9774 495.8291 -45.30929197979577
0 318.29 992.0813 142.0059 210.9579 65.40842337374147
0 347.1628 663.2768 133.43 162.624 19.48056503444799
0 601.8483 609.3494 172.819 316.3594 -17.188751454018586
0 704.196 1429.696 294.2524 526.7969 45.83662361046586
0 1284.896 277.896 197.0248 224.4072 -2.2918487806171015
0 1538.5368 799.5155 180.0991 339.1024 84.2704044485979
0 1417.6328 551.8236 180.7453 204.4326 84.2704044485979
0 1428.8446 430.2774 143.0756 162.8219 71.09237516058897
0 847.1259 205.7948 145.3184 174.2506 -13.2236554524697
0 1060.6022 403.4901 224.1644 414.9548 -1.7600093883629597e-05
