0 581.9708 1035.3177 241.3473 310.7617 4.0563131302826605
0 329.6237 929.4369 147.0509 147.7365 -1.6732648210255547
0 340.5708 646.8176 132.3838 150.7716 19.48056503444799
0 600.7413 600.8008 176.6676 295.2108 -22.918329405326745
0 1198.4092 222.9315 90.0245 119.9282 5.729577951308232
0 1284.2894 315.4599 199.8876 214.8945 -2.8648065757479912
0 1496.5757 809.418 193.0739 370.6422 84.2704044485979
0 1418.8577 550.2361 178.994 205.0774 84.2704044485979
0 1406.2621 414.3974 136.7655 168.4603 -18.907624839411028
0 974.7245 246.211 115.7995 199.2611 -2.9104151401148783
