0 602.4142 1072.1606 210.9941 351.6514 32.70420288682379
0 325.9318 934.2421 148.6545 149.7901 -1.6732648210255547
0 340.0446 648.8317 139.5065 151.2171 25.210142985756224
0 574.668 621.2264 224.3962 307.9805 -21.199456019934303
0 946.8837 1480.2159 339.0264 512.7095 6.302535746439056
0 1449.0245 314.767 142.8614 214.8752 18.90760723931717
0 1543.896 796.3961 182.5221 345.6115 84.2704044485979
0 1415.9493 557.4494 175.996 221.5364 84.2704044485979
0 1430.4252 430.5893 134.4886 167.4504 71.09237516058897
0 959.5121 224.2 131.3387 242.1449 -8.639993091423094
0 1123.796 424.981 172.8934 443.9366 5.729577951308232
