0 602.7802 1065.2998 200.1773 394.1061 34.37746770784939
0 314.1224 906.449 132.0 156.0 0.0
0 370.5855 606.4736 127.9156 151.3728 19.48056503444799
0 588.6889 632.2472 166.8458 316.3487 -22.918329405326745
0 942.6224 274.949 129.0 129.0 0.0
0 1212.0224 201.249 127.0 174.0 10.886198107485642
0 1350.838 291.5756 148.0288 288.177 14.896902673401405
0 1481.1225 475.949 196.4307 232.3273 72.81124854598141
0 1419.1224 556.449 178.0 200.0 -90.0
0 1622.2794 710.8819 173.0221 202.4894 72.81124854598141
0 1565.4281 955.6149 220.7779 470.1181 79.11378429242052
0 1104.1224 440.949 258.0 323.0 0.0
