0 580.6472 1037.9181 243.62 316.1367 4.0563131302826605
0 316.3496 956.7761 158.2994 165.7795 -89.38143364050228
0 340.9708 648.3176 132.1722 149.5736 19.48056503444799
0 599.3081 601.418 184.4671 294.2837 -22.918329405326745
0 1209.4844 222.4822 111.9745 123.0337 5.729577951308232
0 1332.2927 313.6848 158.5945 161.1887 -69.37351937529036
0 1500.099 806.8633 188.6937 378.1636 84.2704044485979
0 1419.2371 553.9556 171.5164 205.0651 84.2704044485979
0 1726.1779 991.7594 229.2002 378.2046 89.42702460477528
0 986.1397 243.189 126.8213 195.7722 -2.9104151401148783
