0 581.9708 1035.3177 241.3473 310.7617 4.0563131302826605
0 324.3091 907.5529 169.4 241.594 -1.6732648210255547
0 340.9708 648.3176 132.1722 149.5736 19.48056503444799
0 604.4271 597.5215 171.2347 299.8968 -22.918329405326745
0 1209.4844 222.4822 111.9745 123.0337 5.729577951308232
0 1385.1594 343.4467 137.5197 153.0042 -69.37351937529036
0 1491.2296 809.6745 192.517 359.9521 84.2704044485979
0 1419.2371 553.9556 171.5164 205.0651 84.2704044485979
0 1434.9957 426.3139 137.9707 166.229 71.09237516058897
0 974.7245 246.211 115.7995 199.2611 -2.9104151401148783
