0 601.6316 928.8319 256.4094 281.3426 -55.62253229215061
0 1129.7991 637.6952 318.5513 587.6568 -0.527349230763889
0 368.1416 598.8995 137.3508 150.9761 25.210142985756224
0 569.5327 602.6495 201.5391 266.2518 -17.188751454018586
0 883.1561 220.1007 107.9846 129.7569 -9.167342322186983
0 1196.9303 186.9127 128.4428 145.3407 9.167324722093172
0 1344.2208 283.7156 122.5597 209.1914 14.896902673401405
0 1432.492 435.4958 145.2566 171.4946 61.35209264336498
0 1407.6224 550.449 170.0 215.0 -90.0
0 1620.068 710.3512 168.9041 216.8596 72.81124854598141
0 976.8366 202.5548 114.2267 220.1561 -7.494077501161456
0 1078.5704 392.5224 225.6571 384.3011 5.729577951308232
