0 601.6316 928.8319 256.4094 281.3426 -55.62253229215061
0 372.4972 1168.6598 208.4912 355.7859 84.2704044485979
0 362.1888 613.799 152.9063 168.363 -70.51943496555201
0 580.1224 608.449 188.5548 263.4902 -17.188751454018586
0 863.9561 222.1007 107.9846 129.7569 -9.167342322186983
0 1127.1224 168.0999 131.3019 134.0 -90.0
0 1356.0768 285.0718 158.7945 252.971 14.896902673401405
0 1420.3662 424.6592 151.8151 169.4751 61.35209264336498
0 1416.1224 553.449 176.0 198.0 -90.0
0 1618.2185 718.7089 158.1248 208.386 72.81124854598141
0 994.694 214.2023 147.3084 220.0979 -2.9104151401148783
0 1095.2453 398.0922 208.954 425.5136 0.0
