0 598.7802 1066.2998 200.1773 394.1061 34.37746770784939
0 310.077 901.8581 149.1818 164.0909 -90.0
0 389.1225 591.449 139.3199 140.7479 -64.78985701424378
0 581.7637 629.751 185.6598 326.1122 -22.918329405326745
0 922.8952 262.9035 118.1383 155.4983 -14.584371796251332
0 1090.288 196.4235 116.498 178.6548 0.0
0 1401.431 309.3643 138.7093 252.0034 32.0856365273261
0 1497.5858 489.0447 205.2931 240.4825 72.81124854598141
0 1417.1224 556.449 178.0 196.0 -90.0
0 1617.5048 707.3434 136.2354 206.7289 72.81124854598141
0 1565.1224 879.949 207.2353 443.0424 68.8005439800657
0 1102.6224 438.949 269.0 319.0 0.0
