0 573.5338 1046.7263 250.2365 300.0064 4.0563131302826605
0 327.4318 931.6421 142.5402 153.6132 -1.6732648210255547
0 346.84 634.2387 132.0275 175.5336 25.210142985756224
0 582.8596 618.1271 174.1829 299.453 -22.918329405326745
0 883.8039 887.229 346.3922 398.1656 -49.89295434084238
0 1534.0257 1338.7679 263.365 495.4535 -50.511538300433955
0 1535.0258 796.3086 167.1495 351.4578 84.2704044485979
0 1416.8577 552.2361 178.994 205.0774 84.2704044485979
0 1427.4785 437.1426 123.9989 157.628 71.09237516058897
0 1123.2039 200.3291 123.1396 193.5312 2.8191628111933653
0 1402.9802 1069.6324 352.4753 570.0189 -84.38105907505707
