0 601.6316 928.8319 256.4094 281.3426 -55.62253229215061
0 311.3903 1030.6068 164.4486 213.3198 53.94926747112507
0 376.083 589.7245 139.8004 153.6283 25.210142985756224
0 600.9933 602.1746 170.2119 302.1452 -17.188751454018586
0 1217.5557 997.9417 258.6234 357.201 -38.388189873859005
0 1139.1391 211.5361 137.824 206.5577 2.864788975654116
0 1356.8447 294.3863 149.4519 248.7785 23.49126960036375
0 1568.6703 444.315 166.062 238.6762 29.839413911169743
0 1412.4825 553.1458 181.3937 212.7203 -90.0
0 1608.6742 809.7302 195.3265 426.6754 68.22758618493486
0 966.7133 222.1827 127.5242 237.8141 -2.9104151401148783
0 1617.6773 1096.081 236.5637 470.8097 87.13519342425201
