0 586.7338 1031.2263 258.1203 307.5831 4.0563131302826605
0 324.4318 933.6421 148.6545 149.7901 -1.6732648210255547
0 341.84 636.2387 132.0275 175.5336 25.210142985756224
0 576.5546 620.0404 187.2877 298.067 -22.918329405326745
0 938.0423 1474.9366 283.5453 523.7607 11.459155902616464
0 1543.5556 1334.4956 219.9443 513.9384 -50.511538300433955
0 1533.399 792.7396 180.5467 348.9333 84.2704044485979
0 1413.896 558.8961 178.4649 217.1615 84.2704044485979
0 1430.4252 430.5893 134.4886 167.4504 71.09237516058897
0 1122.0597 194.4671 127.3314 183.401 6.82986737710911
0 1137.5452 433.4204 163.7859 446.3365 7.448451336700702
