0 601.6316 928.8319 256.4094 281.3426 -55.62253229215061
0 416.8423 1218.8405 213.9269 376.1203 84.2704044485979
0 360.4388 615.799 147.9681 170.3287 -70.51943496555201
0 580.1224 608.449 188.5548 263.4902 -17.188751454018586
0 869.9561 222.1007 107.9846 129.7569 -9.167342322186983
0 1127.1224 168.0999 131.3019 134.0 -90.0
0 1360.0768 286.0718 158.7945 252.971 14.896902673401405
0 1437.3662 428.4092 139.9759 188.4773 61.35209264336498
0 1416.1224 553.449 176.0 198.0 -90.0
0 1618.2185 718.7089 158.1248 208.386 72.81124854598141
0 983.3844 212.3245 140.6853 220.1897 -2.9104151401148783
0 1090.5596 396.5922 227.3256 424.5136 0.0
