0 601.6316 928.8319 256.4094 281.3426 -55.62253229215061
0 407.9733 1205.2844 212.8398 372.0535 84.2704044485979
0 360.7888 615.399 148.9557 169.9356 -70.51943496555201
0 580.1224 608.449 188.5548 263.4902 -17.188751454018586
0 868.7561 222.1007 107.9846 129.7569 -9.167342322186983
0 1127.1224 168.0999 131.3019 134.0 -90.0
0 1359.2768 285.8718 158.7945 252.971 14.896902673401405
0 1433.9662 427.6592 142.3438 184.6769 61.35209264336498
0 1416.1224 553.449 176.0 198.0 -90.0
0 1618.2185 718.7089 158.1248 208.386 72.81124854598141
0 985.6463 212.7001 142.0099 220.1713 -2.9104151401148783
0 1091.4967 396.8922 223.6513 424.7136 0.0
