0 578.4494 1040.9494 241.2473 287.786 4.0563131302826605
0 327.4318 931.6421 142.5402 153.6132 -1.6732648210255547
0 348.566 630.3565 132.2114 184.0287 25.210142985756224
0 581.6596 617.3271 174.1829 299.453 -22.918329405326745
0 1077.0192 406.8133 222.3952 450.9538 3.437746770784939
0 1538.9217 1338.5901 254.8992 501.1656 -50.511538300433955
0 1535.6338 789.4794 180.6182 354.0315 84.2704044485979
0 1416.8577 552.2361 178.994 205.0774 84.2704044485979
0 1398.0151 412.782 140.2803 159.1676 65.36279720928076
0 1045.6933 211.6384 118.8964 221.6708 -2.9104151401148783
0 1737.648 1121.6536 145.2508 362.9754 -85.94368686971734
