0 602.7802 1065.2998 200.1773 394.1061 34.37746770784939
0 314.1224 906.449 132.0 156.0 0.0
0 370.5855 606.4736 127.9156 151.3728 19.48056503444799
0 588.6889 632.2472 166.8458 316.3487 -22.918329405326745
0 942.6224 274.949 129.0 129.0 0.0
0 1210.2224 200.649 127.0 174.0 9.167324722093172
0 1354.438 292.7756 148.0288 288.177 14.896902673401405
0 1481.1225 475.949 196.4307 232.3273 72.81124854598141
0 1419.1224 556.449 178.0 200.0 -90.0
0 1624.2504 713.6807 166.5097 204.601 72.81124854598141
0 1571.5933 949.998 212.7818 475.1371 80.83265767781302
0 1104.1224 440.949 258.0 323.0 0.0
