0 580.1535 1033.958 243.6577 301.9748 4.0563131302826605
0 327.4318 931.6421 142.5402 153.6132 -1.6732648210255547
0 345.566 627.3565 132.2114 184.0287 19.48056503444799
0 592.4595 608.6958 198.0725 303.3043 -22.918329405326745
0 1271.5044 221.944 122.9061 156.3377 17.188733853924695
0 1540.928 1345.8111 214.5588 511.6522 -50.511538300433955
0 1519.1949 794.7307 185.7495 336.7174 84.2704044485979
0 1418.8577 550.2361 178.994 205.0774 84.2704044485979
0 1453.5622 447.5566 151.1184 207.3191 69.37350177519647
0 919.0623 221.9176 136.6408 233.1411 -2.9104151401148783
0 1574.7835 1052.4739 349.3361 443.6946 -89.95439143563306
