0 578.4494 1040.9494 241.2473 287.786 4.0563131302826605
0 327.4318 931.6421 142.5402 153.6132 -1.6732648210255547
0 345.766 631.5565 132.2114 184.0287 22.91831180523293
0 580.0596 616.9271 188.2101 298.7338 -22.918329405326745
0 1074.0597 259.8705 151.2802 291.4019 -3.437764370878824
0 1540.6656 1337.5143 218.8714 505.023 -50.511538300433955
0 1532.7688 793.7281 186.4645 347.4817 84.2704044485979
0 1417.6577 554.6361 178.994 205.0774 84.2704044485979
0 1429.4508 422.8464 124.0568 166.6359 65.36279720928076
0 900.9119 238.9119 130.4735 242.3087 -10.931824271946397
0 1800.5254 1184.3001 138.1654 274.7442 -75.63044655736246
