0 601.6316 928.8319 256.4094 281.3426 -55.62253229215061
0 309.8829 1029.7052 180.2846 214.6962 53.94926747112507
0 376.083 589.7245 139.8004 153.6283 25.210142985756224
0 600.9933 602.1746 170.2119 302.1452 -17.188751454018586
0 1349.4952 1172.0928 245.374 405.8227 -72.19269978657758
0 1088.7159 240.8733 134.6176 261.0333 0.0
0 1370.9318 296.7789 138.8024 259.8297 26.35605857601787
0 1594.9219 509.5122 164.6681 274.2571 37.2878652478704
0 1412.4825 553.1458 181.3937 212.7203 -90.0
0 1576.4293 818.7876 189.0357 456.7265 65.36279720928076
0 935.7695 220.7174 125.9065 232.5632 -5.202246320638153
0 1683.3103 1009.8445 189.4508 390.7437 77.39491090702802
