0 578.0338 1040.7263 250.2365 300.0064 4.0563131302826605
0 327.4318 931.6421 142.5402 153.6132 -1.6732648210255547
0 346.84 634.2387 132.0275 175.5336 25.210142985756224
0 579.7071 619.0838 180.7353 298.76 -22.918329405326745
0 893.9463 1105.3039 302.8051 356.2202 -81.40563307303765
0 1525.3934 1344.3855 235.0108 495.1509 -50.511538300433955
0 1537.6211 793.6396 173.1407 357.1556 84.2704044485979
0 1416.8577 552.2361 178.994 205.0774 84.2704044485979
0 1435.9785 434.6426 123.2204 175.3309 71.09237516058897
0 1123.2039 200.3291 123.1396 193.5312 2.8191628111933653
0 1145.6736 671.9103 360.7833 362.67 78.54082649728974
