0 601.6316 928.8319 256.4094 281.3426 -55.62253229215061
0 322.1591 1022.4117 174.4974 239.2354 53.94926747112507
0 373.4642 582.8336 165.5931 181.598 25.210142985756224
0 600.9933 602.1746 170.2119 302.1452 -17.188751454018586
0 1695.3843 1036.0974 145.8163 341.6942 84.8889884081895
0 1511.5143 1319.1463 253.8649 453.8387 -63.02537506448442
0 1265.2026 213.0435 133.6083 202.0734 7.448451336700702
0 1659.8279 798.9779 183.9382 288.911 -55.62253229215061
0 1412.4825 553.1458 181.3937 212.7203 -90.0
0 1590.025 837.2717 184.3095 469.7476 65.36279720928076
0 839.0782 197.917 163.4084 193.5665 -8.639993091423094
0 1080.4064 441.676 253.0856 476.9468 -1.7600093883629597e-05
