0 1450.9009 1375.8211 255.6871 474.6841 -44.163376389534136
0 321.7402 990.5745 141.7679 208.6801 60.25180321756409
0 345.9073 583.3776 134.1917 235.1932 -71.66535055581366
0 601.8483 609.3494 172.819 316.3594 -17.188751454018586
0 785.6483 1456.6328 296.2257 503.6108 16.615776058793873
0 1344.3738 283.1218 148.0385 189.766 4.583662361046586
0 1504.7508 810.6271 239.8583 356.8561 78.54082649728974
0 1473.5154 554.9231 170.2713 173.2977 73.95716413624314
0 1433.1456 433.4321 147.684 164.3305 71.09237516058897
0 902.1614 224.6927 141.5771 222.1708 -4.056330730376516
0 1096.2494 400.1494 239.0 416.0 0.0
