0 578.4494 1040.9494 241.2473 287.786 4.0563131302826605
0 327.4318 931.6421 142.5402 153.6132 -1.6732648210255547
0 345.166 627.9565 132.2114 184.0287 19.48056503444799
0 580.3596 618.1271 209.2509 297.6549 -22.918329405326745
0 1175.4176 200.8639 118.6409 183.3153 5.156620156177409
0 1529.7807 1351.058 206.9048 509.2484 -50.511538300433955
0 1519.6523 795.1705 186.7159 335.895 84.2704044485979
0 1418.8577 551.0361 178.994 205.0774 84.2704044485979
0 1442.4046 428.5734 145.2684 185.4101 65.36279720928076
0 873.2623 236.9176 136.6408 233.1411 -9.212950886553926
0 1787.3773 1173.5475 190.4884 280.3898 -79.06819332814746
