0 601.6316 928.8319 256.4094 281.3426 -55.62253229215061
0 768.8749 1236.5681 307.398 431.0127 39.579696428393675
0 365.7258 604.0893 147.3621 149.7774 23.49126960036375
0 580.1224 608.449 188.5548 263.4902 -17.188751454018586
0 871.1561 222.1007 107.9846 129.7569 -9.167342322186983
0 1182.6767 181.2079 120.2022 138.166 8.021409131831525
0 1372.6225 270.949 161.3661 221.9436 14.896902673401405
0 1427.3521 416.5083 174.5419 178.7421 61.35209264336498
0 1407.6224 550.449 170.0 215.0 -90.0
0 1618.2185 718.7089 158.1248 208.386 72.81124854598141
0 981.2724 214.649 156.9093 220.7178 -4.629288525507349
0 1097.6224 408.449 247.0 400.0 0.0
