0 601.6316 928.8319 256.4094 281.3426 -55.62253229215061
0 333.6155 1076.1301 212.0149 339.7449 84.2704044485979
0 363.5888 612.199 156.8569 166.7905 -70.51943496555201
0 580.1224 608.449 188.5548 263.4902 -17.188751454018586
0 859.1561 222.1007 107.9846 129.7569 -9.167342322186983
0 1126.5224 168.1999 131.1019 132.8 -90.0
0 1351.4268 283.9218 156.6861 249.6162 14.896902673401405
0 1411.834 424.3509 158.9004 163.1115 -27.50199176637335
0 1416.1224 553.449 176.0 198.0 -90.0
0 1618.2185 718.7089 158.1248 208.386 72.81124854598141
0 1002.7136 225.5203 152.0176 234.9053 -2.3374573449840454
0 1100.8807 398.5488 190.6301 424.4268 0.5729577951308232
