0 581.9708 1035.3177 241.3473 310.7617 4.0563131302826605
0 331.3786 900.9643 170.3311 204.555 -1.6732648210255547
0 340.9708 648.3176 132.1722 149.5736 19.48056503444799
0 600.9776 600.6552 176.119 295.1267 -22.918329405326745
0 1209.4844 222.4822 111.9745 123.0337 5.729577951308232
0 1331.3334 297.1412 202.3653 224.8217 3.437746770784939
0 1489.5167 810.6191 194.0546 356.3549 84.2704044485979
0 1418.8577 550.2361 178.994 205.0774 84.2704044485979
0 1414.8396 407.4116 159.8179 160.8594 71.09237516058897
0 974.7245 246.211 115.7995 199.2611 -2.9104151401148783
