0 1498.5248 1333.8319 261.9691 475.0372 -44.163376389534136
0 313.3882 973.3783 158.6778 190.2399 89.47265076923611
0 650.7415 359.7089 268.6298 389.9937 56.14986392282068
0 598.6106 609.3292 178.9931 314.4071 -17.188751454018586
0 744.4604 1440.5029 313.6509 513.8081 22.91831180523293
0 1312.9782 262.8014 148.0084 236.7851 13.750987083139757
0 1589.4087 915.7817 209.1623 477.7906 84.2704044485979
0 1414.4825 549.1458 181.3937 212.7203 -90.0
0 1436.142 426.0309 139.3727 190.0534 65.36279720928076
0 848.1418 207.144 130.06 187.2485 -14.369571042731309
0 1079.9494 393.9494 200.0 414.0 0.0
