0 1454.6971 1384.2103 266.6277 481.6347 -44.163376389534136
0 317.49 992.2813 142.0059 210.9579 65.40842337374147
0 333.4961 636.796 144.5804 163.6929 19.48056503444799
0 601.8483 609.3494 172.819 316.3594 -17.188751454018586
0 697.8427 1416.8427 222.7844 534.2051 45.83662361046586
0 1285.1876 289.4419 197.3655 247.5038 -2.2918487806171015
0 1535.2601 803.008 173.8032 346.3205 84.2704044485979
0 1425.6328 551.8236 180.7453 204.4326 84.2704044485979
0 1429.7176 431.0745 141.0015 159.3724 71.09237516058897
0 847.8911 205.3964 147.3101 166.21 -9.212950886553926
0 1046.6119 406.5807 237.745 415.736 -10.313257912448648
