0 581.9708 1035.3177 241.3473 310.7617 4.0563131302826605
0 334.1413 928.9057 148.5345 156.1134 88.32673517897445
0 348.0646 621.3449 129.2862 163.1925 19.48056503444799
0 598.4776 602.6552 182.282 296.8639 -22.918329405326745
0 1249.6936 200.9739 140.9854 159.2673 11.459155902616464
0 1613.7168 1289.7418 276.6221 401.3698 -76.86759687645181
0 1497.7857 806.4825 189.3231 366.6678 84.2704044485979
0 1418.8577 550.2361 178.994 205.0774 84.2704044485979
0 1472.1515 475.3276 140.9518 234.0468 88.28110901451367
0 974.7973 245.8769 117.6175 197.8833 -2.9104151401148783
0 1283.8889 1211.8579 333.1 402.5932 -51.566219161867934
