0 601.6316 928.8319 256.4094 281.3426 -55.62253229215061
0 324.1798 1085.7723 132.7812 359.1773 86.60786179358195
0 364.699 594.3846 153.875 156.0069 -64.78985701424378
0 584.1484 608.6783 174.7632 287.6605 -17.188751454018586
0 923.4212 248.226 128.1409 193.6552 -7.448468936794541
0 1149.7668 185.7253 126.4748 158.0423 9.740282517223996
0 1369.5435 294.5 141.9332 256.0956 20.626480624709636
0 1408.6525 416.0713 157.5034 166.7002 72.81124854598141
0 1412.4825 553.1458 181.3937 212.7203 -90.0
0 1646.9489 641.2019 253.0118 295.0405 75.10307972650475
0 956.7939 196.2208 106.1779 173.5753 -8.639993091423094
0 1074.5613 404.303 216.447 414.5769 4.010704565915763
