0 578.4494 1040.9494 241.2473 287.786 4.0563131302826605
0 327.4318 931.6421 142.5402 153.6132 -1.6732648210255547
0 345.566 627.3565 132.2114 184.0287 19.48056503444799
0 580.3422 617.647 210.7548 298.1169 -22.918329405326745
0 1192.5809 198.8784 118.2729 172.0698 6.875493541569878
0 1531.738 1350.3628 206.9887 510.6234 -50.511538300433955
0 1519.1949 794.7307 185.7495 336.7174 84.2704044485979
0 1418.8577 550.2361 178.994 205.0774 84.2704044485979
0 1442.2517 427.5212 147.3086 186.0094 65.36279720928076
0 877.6623 235.4176 136.6408 233.1411 -8.067035296292289
0 1775.4239 1162.889 201.2138 294.2081 -80.7870667135399
