0 582.7522 1033.343 240.0678 306.7118 4.0563131302826605
0 329.6413 934.9057 146.7668 160.2666 -1.6732648210255547
0 348.0646 621.3449 129.2862 163.1925 19.48056503444799
0 597.72 606.7112 186.8365 303.7455 -22.918329405326745
0 1304.7588 216.4696 145.2473 157.0594 11.459155902616464
0 774.3816 1449.8495 274.9021 568.9432 38.34254610930441
0 1509.327 808.6934 197.5456 390.1258 84.2704044485979
0 1418.8577 550.2361 178.994 205.0774 84.2704044485979
0 1473.814 477.572 136.3652 237.2359 88.28110901451367
0 926.0623 222.9176 136.6408 233.1411 -2.9104151401148783
0 1431.3297 1120.8011 351.1385 458.376 -80.21410891840912
