0 580.8838 1030.9617 244.6909 308.0557 4.0563131302826605
0 327.4318 931.6421 142.5402 153.6132 -1.6732648210255547
0 344.2567 631.8771 131.6649 193.4256 19.48056503444799
0 597.72 606.7112 186.8365 303.7455 -22.918329405326745
0 1288.9664 220.1633 128.8489 156.4534 17.188733853924695
0 1526.5395 1345.3347 218.0348 501.4659 -50.511538300433955
0 1519.1949 794.7307 185.7495 336.7174 84.2704044485979
0 1418.8577 550.2361 178.994 205.0774 84.2704044485979
0 1477.3038 475.7902 138.3636 235.6552 84.84336224372868
0 919.0623 221.9176 136.6408 233.1411 -2.9104151401148783
0 1341.8524 1046.8126 344.3432 381.7849 -48.128472391082994
