0 595.9641 993.0871 222.0537 293.5419 45.83662361046586
0 314.2696 1015.0244 97.3299 218.5446 43.103978550211764
0 356.4796 609.2682 151.1326 173.3572 28.05224283272316
0 579.4861 613.4014 214.048 303.7143 -17.188751454018586
0 1678.6878 1182.5018 144.735 329.6275 -78.34741242187289
0 1518.0594 1312.4581 197.3597 455.4571 -57.84606577961978
0 911.1831 420.984 184.1023 468.0919 -18.391504457557176
0 1708.9488 838.0052 148.8206 394.716 62.443405355750656
0 1414.0794 551.3415 178.323 204.7758 -90.0
0 1593.2348 794.8427 205.5339 426.7647 69.32348255968157
0 797.4782 183.2047 116.2247 127.674 69.90085100596043
0 1135.6343 426.941 193.5544 443.709 3.437746770784939
