0 601.6316 928.8319 256.4094 281.3426 -55.62253229215061
0 311.245 904.8368 143.6445 149.7626 -84.27042204869177
0 372.3257 599.194 161.9112 169.0243 -70.51943496555201
0 600.4381 603.7422 151.6846 245.1905 -17.188751454018586
0 900.253 221.3082 107.5977 149.0016 -3.437764370878824
0 1122.1224 161.0999 117.3019 120.0 -90.0
0 1321.18 313.7095 185.7687 208.0584 14.896902673401405
0 1457.1756 454.6915 168.012 192.1257 72.81124854598141
0 1416.1224 553.449 176.0 198.0 -90.0
0 1618.2185 718.7089 158.1248 208.386 72.81124854598141
0 1101.6362 534.5391 290.83 499.0209 -1.1915417547223797
0 1124.1224 305.449 186.0 238.0 0.0
