0 582.7522 1033.343 240.0678 306.7118 4.0563131302826605
0 329.6413 934.9057 146.7668 160.2666 -1.6732648210255547
0 348.0646 621.3449 129.2862 163.1925 19.48056503444799
0 597.72 606.7112 186.8365 303.7455 -22.918329405326745
0 1307.4307 217.1335 143.8625 155.9853 11.459155902616464
0 683.6638 1415.2292 241.3307 544.1873 39.488461699566045
0 1502.0268 806.1951 191.1162 384.916 84.2704044485979
0 1418.8577 550.2361 178.994 205.0774 84.2704044485979
0 1473.6337 478.3112 134.8983 236.8311 88.28110901451367
0 926.0623 222.9176 136.6408 233.1411 -2.9104151401148783
0 1362.7147 1110.6084 361.4853 437.0368 -80.21410891840912
