0 580.8838 1030.9617 244.6909 308.0557 4.0563131302826605
0 327.4318 931.6421 142.5402 153.6132 -1.6732648210255547
0 350.3818 625.0224 123.1313 184.4613 19.48056503444799
0 597.72 606.7112 186.8365 303.7455 -22.918329405326745
0 1268.9891 206.2028 137.0369 154.506 11.459155902616464
0 1514.3998 1339.5538 231.6904 498.8281 -46.50083373451818
0 1524.8838 798.9617 176.1939 347.1935 84.2704044485979
0 1418.8577 550.2361 178.994 205.0774 84.2704044485979
0 1475.5929 478.527 132.5445 240.7347 88.28110901451367
0 926.0623 222.9176 136.6408 233.1411 -2.9104151401148783
0 1562.3297 1056.1041 266.5322 502.9671 -89.95439143563306
