0 599.2967 959.4001 243.3478 350.7736 34.37746770784939
0 324.3881 1024.7794 159.6985 226.2545 48.219689519816825
0 280.734 717.4226 182.1297 220.5018 -70.51943496555201
0 581.9012 609.5241 211.0345 304.9036 -17.188751454018586
0 1491.5819 1349.0508 243.3804 454.6083 -60.73354388396109
0 773.1849 514.5452 392.5906 445.7563 -25.21016058585002
0 1590.612 805.3614 233.4527 430.8244 63.64392382388826
0 1407.2825 545.9458 181.3937 212.7203 -90.0
0 1500.7741 402.5764 143.7125 242.4978 17.23434241829159
0 838.4026 207.357 138.891 190.0296 -13.2236554524697
0 1149.6494 424.2494 203.8001 451.8 -1.7600093883629597e-05
