0 1461.4009 1367.7711 228.5459 468.8425 -44.163376389534136
0 318.4345 991.902 141.953 210.4517 64.26250778347986
0 315.7768 643.3061 169.4377 223.8993 -79.68675968764518
0 601.8483 609.3494 172.819 316.3594 -17.188751454018586
0 790.5405 1457.9167 310.0171 496.8414 12.605071492878112
0 1336.8363 299.8433 147.8621 210.655 12.605071492878112
0 1512.1684 804.3756 232.9444 359.7876 78.54082649728974
0 1436.2734 552.5123 178.4178 197.5137 81.97857326807463
0 1433.1456 433.4321 147.684 164.3305 71.09237516058897
0 868.9088 232.0344 141.735 219.9453 -12.077739862208034
0 1080.8494 401.5494 239.0 416.0 0.0
