0 1449.3476 1372.4178 240.5904 467.3117 -44.163376389534136
0 317.49 992.2813 142.0059 210.9579 65.40842337374147
0 332.4494 642.4493 148.3849 153.2576 19.48056503444799
0 601.8483 609.3494 172.819 316.3594 -17.188751454018586
0 687.3329 1405.3414 307.5405 525.8836 45.83662361046586
0 1320.6392 265.1437 182.0647 242.7082 9.167324722093172
0 1534.896 803.3961 173.1036 347.1225 84.2704044485979
0 1425.6328 551.8236 180.7453 204.4326 84.2704044485979
0 1429.7176 431.0745 141.0015 159.3724 71.09237516058897
0 818.896 213.396 162.7968 167.4633 -8.639993091423094
0 1056.8119 394.8807 237.745 415.736 -5.729595551402099
