0 601.6316 928.8319 256.4094 281.3426 -55.62253229215061
0 320.992 1022.8011 178.3732 240.7857 53.94926747112507
0 362.2347 605.7772 163.0883 167.7505 25.210142985756224
0 600.9933 602.1746 170.2119 302.1452 -17.188751454018586
0 1694.38 1077.136 146.4536 341.4882 -85.1797622414694
0 1504.864 1344.9979 265.6213 455.0715 -62.26145043623649
0 1307.2024 234.0147 158.3882 227.3847 14.132978045153477
0 1671.3583 810.1529 183.1618 288.7767 -55.62253229215061
0 1412.4825 553.1458 181.3937 212.7203 -90.0
0 1585.1561 834.7352 161.8724 473.082 70.32845053234104
0 833.5449 197.9837 163.4084 193.5665 -13.605646414483402
0 1082.6156 530.2735 303.6156 531.8752 -0.19098443321092873
