0 601.6316 928.8319 256.4094 281.3426 -55.62253229215061
0 859.207 1044.4622 390.3685 412.5471 41.344195978246916
0 386.1224 566.049 140.1134 166.1453 25.210142985756224
0 570.5389 612.921 212.9475 246.0316 -17.188751454018586
0 876.3427 233.0401 127.4997 153.3115 -11.459173502710257
0 1188.8121 186.7055 135.7362 151.3795 9.167324722093172
0 1338.9714 281.8277 126.7126 217.113 12.605071492878112
0 1431.692 436.2958 145.2566 171.4946 61.35209264336498
0 1407.6224 550.449 170.0 215.0 -90.0
0 1627.2804 715.9618 152.3928 226.8513 74.4155303723478
0 977.524 215.4887 119.4071 218.7941 -2.9104151401148783
0 1104.9835 407.7081 237.5119 383.0727 3.437746770784939
