0 1460.6437 1379.2577 282.0602 480.4542 -44.163376389534136
0 317.49 992.2813 142.0059 210.9579 65.40842337374147
0 341.1961 636.096 144.5804 163.6929 19.48056503444799
0 601.8483 609.3494 172.819 316.3594 -17.188751454018586
0 697.8427 1416.8427 222.7844 534.2051 45.83662361046586
0 1285.1876 289.4419 197.3655 247.5038 -2.2918487806171015
0 1537.8087 800.2916 178.7 340.7064 84.2704044485979
0 1425.6328 551.8236 180.7453 204.4326 84.2704044485979
0 1429.7176 431.0745 141.0015 159.3724 71.09237516058897
0 841.4072 207.3688 153.3419 172.3542 -13.2236554524697
0 1052.2119 404.4807 237.745 415.736 -2.2918487806171015
