0 581.9708 1035.3177 241.3473 310.7617 4.0563131302826605
0 334.1413 928.9057 148.5345 156.1134 88.32673517897445
0 348.0646 621.3449 129.2862 163.1925 19.48056503444799
0 598.4776 602.6552 182.282 296.8639 -22.918329405326745
0 1274.7488 206.0202 141.1808 155.6491 11.459155902616464
0 1668.575 1138.6629 246.0333 409.0534 -84.88900600828335
0 1497.6445 802.1458 197.9813 367.2526 84.2704044485979
0 1418.8577 550.2361 178.994 205.0774 84.2704044485979
0 1470.0381 466.8262 155.4982 229.5819 82.55153106320546
0 974.7245 246.211 115.7995 199.2611 -2.9104151401148783
0 1358.7294 1240.1776 310.2602 438.8596 -57.29579711317621
