0 601.6316 928.8319 256.4094 281.3426 -55.62253229215061
0 627.6199 1269.7256 262.1005 476.1845 55.62251469205677
0 360.0888 616.199 146.9805 170.7219 -70.51943496555201
0 580.1224 608.449 188.5548 263.4902 -17.188751454018586
0 871.1561 222.1007 107.9846 129.7569 -9.167342322186983
0 1144.6224 179.0999 137.0 137.3019 0.0
0 1372.6225 270.949 161.3661 221.9436 14.896902673401405
0 1416.8521 413.7083 174.5419 178.7421 61.35209264336498
0 1407.6224 550.449 170.0 215.0 -90.0
0 1618.2185 718.7089 158.1248 208.386 72.81124854598141
0 971.1224 213.949 139.3607 220.2081 -8.639993091423094
0 1097.6224 408.449 247.0 400.0 0.0
