0 1459.9689 1368.6391 228.6453 471.7236 -44.163376389534136
0 317.49 992.2813 142.0059 210.9579 65.40842337374147
0 332.0494 644.8493 148.3849 153.2576 19.48056503444799
0 601.8483 609.3494 172.819 316.3594 -17.188751454018586
0 681.7542 1401.9627 294.9197 529.1795 45.83662361046586
0 1318.4605 261.165 162.1517 248.3653 9.167324722093172
0 1533.3174 803.0174 172.0348 350.1884 84.2704044485979
0 1425.6328 551.8236 180.7453 204.4326 84.2704044485979
0 1429.7176 431.0745 141.0015 159.3724 71.09237516058897
0 823.5173 212.8174 153.4851 167.219 -8.639993091423094
0 1053.6332 395.502 231.2953 416.3377 -5.729595551402099
