0 648.5219 1014.112 328.9947 486.8166 -83.12450645843012
0 311.74 989.8092 143.8984 190.2981 88.32673517897445
0 391.2493 533.5494 198.0404 259.9722 30.939720937064454
0 597.8012 609.3241 180.5366 313.919 -17.188751454018586
0 741.457 1436.837 303.1441 526.1512 26.35605857601787
0 1147.9821 183.7783 133.878 161.8054 5.729577951308232
0 1593.7148 935.7633 229.3003 416.8779 81.97857326807463
0 1414.4825 549.1458 181.3937 212.7203 -90.0
0 1420.494 412.9358 150.3345 173.854 -24.637202790719243
0 883.7418 199.744 130.06 187.2485 -2.9104151401148783
0 1075.1494 399.0494 216.0 413.0 0.0
