0 581.4443 1031.6761 243.304 307.6525 4.0563131302826605
0 327.4318 931.6421 142.5402 153.6132 -1.6732648210255547
0 349.8224 616.8461 128.9724 172.8475 19.48056503444799
0 597.72 606.7112 186.8365 303.7455 -22.918329405326745
0 1302.8285 214.7588 140.7838 154.473 11.459155902616464
0 902.8488 1475.7761 322.4379 551.7278 29.748179182342056
0 1530.6413 795.3057 186.3038 347.7206 84.2704044485979
0 1418.8577 550.2361 178.994 205.0774 84.2704044485979
0 1473.814 477.572 136.3652 237.2359 88.28110901451367
0 926.0623 222.9176 136.6408 233.1411 -2.9104151401148783
0 1802.1431 1143.0066 148.5161 284.7989 -89.95439143563306
