0 585.5338 1032.2263 255.8678 305.4183 4.0563131302826605
0 324.4318 933.6421 148.6545 149.7901 -1.6732648210255547
0 341.84 636.2387 132.0275 175.5336 25.210142985756224
0 576.5546 620.0404 187.2877 298.067 -22.918329405326745
0 937.7548 1472.9633 282.1978 520.0069 11.459155902616464
0 1542.6143 1334.9913 217.0933 513.2962 -50.511538300433955
0 1532.823 793.5181 179.1124 347.6315 84.2704044485979
0 1413.896 558.8961 178.4649 217.1615 84.2704044485979
0 1430.4252 430.5893 134.4886 167.4504 71.09237516058897
0 1121.8597 194.6671 127.3314 183.401 5.683951786847473
0 1144.7452 435.2204 163.7859 446.3365 8.594366926962348
