0 581.6311 1031.9142 242.8417 307.5181 4.0563131302826605
0 327.4318 931.6421 142.5402 153.6132 -1.6732648210255547
0 349.5713 617.4888 129.0172 171.4682 19.48056503444799
0 597.72 606.7112 186.8365 303.7455 -22.918329405326745
0 1303.1042 215.0032 141.4214 154.8425 11.459155902616464
0 885.9218 1471.3278 316.9399 556.7216 30.32113697747286
0 1530.6413 796.1057 186.3038 347.7206 84.2704044485979
0 1418.8577 550.2361 178.994 205.0774 84.2704044485979
0 1473.814 477.572 136.3652 237.2359 88.28110901451367
0 926.0623 222.9176 136.6408 233.1411 -2.9104151401148783
0 1797.036 1143.1287 152.5245 288.2769 -89.38143364050228
