0 598.7802 1066.2998 200.1773 394.1061 34.37746770784939
0 326.1224 888.449 140.0 168.0 0.0
0 388.6225 596.449 135.2665 144.111 25.210142985756224
0 576.5264 637.2608 193.1553 316.1117 -22.918329405326745
0 942.6224 274.949 129.0 129.0 0.0
0 1193.5357 196.941 155.3649 166.1246 5.729577951308232
0 1401.431 309.3643 138.7093 252.0034 32.0856365273261
0 1497.5858 489.0447 205.2931 240.4825 72.81124854598141
0 1417.1224 556.449 178.0 196.0 -90.0
0 1598.2413 688.6192 190.0037 198.5118 -16.042835863756864
0 1576.0118 905.9621 207.3042 444.8886 74.53012193137391
0 1098.6224 439.949 261.0 321.0 0.0
