0 1465.1509 1365.5211 219.7849 468.2902 -44.163376389534136
0 317.49 992.2813 142.0059 210.9579 65.40842337374147
0 309.8938 664.3183 179.4385 214.1476 -81.97859086816848
0 601.8483 609.3494 172.819 316.3594 -17.188751454018586
0 781.8448 1452.5565 306.6933 496.4046 14.896902673401405
0 1334.6827 304.6209 147.8117 216.6232 14.896902673401405
0 1513.2768 803.0529 228.9129 365.8238 79.11378429242052
0 1425.6328 551.8236 180.7453 204.4326 84.2704044485979
0 1433.1456 433.4321 147.684 164.3305 71.09237516058897
0 858.1071 230.8848 140.266 215.9496 -13.796613247600504
0 1073.7494 401.0494 239.0 416.0 0.0
