0 596.8913 960.5429 259.4467 262.7116 34.37746770784939
0 314.2724 902.799 159.5 167.1 0.0
0 385.2447 578.3134 141.6057 182.8275 25.210142985756224
0 578.7225 614.949 178.0659 292.7687 -22.918329405326745
0 969.5356 237.5922 111.2497 179.9134 -4.0107221660096
0 1137.2224 195.2999 135.0 185.3019 0.5729577951308232
0 1401.431 309.3643 138.7093 252.0034 32.0856365273261
0 1496.7516 491.9827 210.4137 237.1522 72.81124854598141
0 1408.6224 555.449 180.0 213.0 -90.0
0 1623.9808 714.7931 154.0487 221.7102 72.81124854598141
0 1045.826 735.5145 359.4264 421.8484 -13.796613247600504
0 1104.6224 442.449 257.0 316.0 0.0
