0 601.6316 928.8319 256.4094 281.3426 -55.62253229215061
0 309.8829 1029.7052 180.2846 214.6962 53.94926747112507
0 376.083 589.7245 139.8004 153.6283 25.210142985756224
0 600.9933 602.1746 170.2119 302.1452 -17.188751454018586
0 1464.1475 1251.1255 204.7586 399.3999 -71.6197419914468
0 1071.9877 270.4081 147.5611 306.9029 0.0
0 1379.0318 300.7789 138.8024 259.8297 26.35605857601787
0 1630.9823 593.7044 165.5468 315.2401 52.75772571640266
0 1412.4825 553.1458 181.3937 212.7203 -90.0
0 1572.7749 813.9699 202.3922 462.1184 65.93575500441159
0 865.1463 212.6219 125.5852 204.6179 -12.077739862208034
0 1678.4889 964.4741 185.9642 376.811 72.81124854598141
