0 580.6472 1037.9181 243.62 316.1367 4.0563131302826605
0 315.2143 960.3116 160.4181 165.5583 -89.95439143563306
0 340.9708 648.3176 132.1722 149.5736 19.48056503444799
0 599.3081 601.418 184.4671 294.2837 -22.918329405326745
0 1209.4844 222.4822 111.9745 123.0337 5.729577951308232
0 1331.9823 313.4886 158.446 161.908 -69.37351937529036
0 1500.099 806.8633 188.6937 378.1636 84.2704044485979
0 1419.2371 553.9556 171.5164 205.0651 84.2704044485979
0 1726.0286 958.1399 209.8194 375.9346 87.7081512193829
0 985.955 243.3446 126.4365 196.0643 -2.9104151401148783
