0 582.5338 1034.7263 250.2365 300.0064 4.0563131302826605
0 326.4318 932.3088 144.5783 152.3388 -1.6732648210255547
0 346.84 634.2387 132.0275 175.5336 25.210142985756224
0 576.5546 620.0404 187.2877 298.067 -22.918329405326745
0 998.1471 1331.752 321.1328 373.5166 13.368996121126038
0 1527.261 1351.2305 209.9659 511.6909 -50.511538300433955
0 1537.5417 794.2479 174.3354 356.8761 84.2704044485979
0 1418.3577 546.4028 190.3029 209.2272 84.2704044485979
0 1434.1274 433.2915 126.9764 172.704 71.09237516058897
0 1123.2039 200.3291 123.1396 193.5312 2.8191628111933653
0 1162.5505 481.2937 291.4325 429.2057 0.0
