0 1449.7976 1373.6678 242.9737 468.7609 -44.163376389534136
0 317.49 992.2813 142.0059 210.9579 65.40842337374147
0 332.4441 641.894 148.0044 154.3011 19.48056503444799
0 601.8483 609.3494 172.819 316.3594 -17.188751454018586
0 688.3839 1406.4915 299.0649 526.7158 45.83662361046586
0 1317.094 267.5735 183.5948 243.1878 8.021409131831525
0 1534.896 803.3961 173.1036 347.1225 84.2704044485979
0 1425.6328 551.8236 180.7453 204.4326 84.2704044485979
0 1429.7176 431.0745 141.0015 159.3724 71.09237516058897
0 821.8881 212.5679 161.162 167.2502 -8.639993091423094
0 1055.7119 396.0807 237.745 415.736 -6.302553346532932
