0 601.6316 928.8319 256.4094 281.3426 -55.62253229215061
0 894.0112 995.8645 384.7096 401.5756 -49.80171961201472
0 386.1224 565.649 140.1134 166.1453 25.210142985756224
0 570.4374 614.1282 212.04 243.7852 -17.188751454018586
0 878.046 230.3052 122.621 147.4229 -10.886215707579481
0 1193.1934 187.3822 133.9632 150.6455 9.740282517223996
0 1340.6878 279.8706 126.0804 215.9126 13.178029288008934
0 1431.692 436.2958 145.2566 171.4946 61.35209264336498
0 1407.6224 550.449 170.0 215.0 -90.0
0 1627.2804 716.1618 152.3928 226.8513 74.01445991575616
0 979.8968 214.9181 118.1514 218.7992 -2.9104151401148783
0 1105.7683 406.7683 237.4814 381.9522 4.010704565915763
