0 581.5737 1036.0978 242.0291 312.3742 4.0563131302826605
0 319.0511 953.7289 160.1063 170.2141 -1.6732648210255547
0 340.9708 648.3176 132.1722 149.5736 19.48056503444799
0 599.3081 601.418 184.4671 294.2837 -22.918329405326745
0 1209.4844 222.4822 111.9745 123.0337 5.729577951308232
0 1334.5511 313.6 158.0003 164.0658 -69.37351937529036
0 1500.099 806.8633 188.6937 378.1636 84.2704044485979
0 1419.2371 553.9556 171.5164 205.0651 84.2704044485979
0 1614.2454 571.3993 164.9043 276.5237 62.49800823362665
0 985.4009 243.8114 125.2823 196.9404 -2.9104151401148783
