0 1487.8776 1344.2679 245.7321 475.3528 -44.163376389534136
0 318.9397 910.2066 188.4607 215.5962 3.8653462971655586
0 743.9098 326.2463 286.7239 396.7815 64.93519768290012
0 601.7134 609.3486 173.0762 316.278 -17.188751454018586
0 759.8676 1440.9101 318.4771 503.7108 22.154387176985
0 1182.0593 207.2581 184.5156 260.9747 -82.16955770128558
0 1563.8631 924.323 226.8759 457.5576 84.2704044485979
0 1413.3376 549.0863 181.2746 215.01 -90.0
0 1390.4806 417.6169 175.3706 199.1211 65.36279720928076
0 847.8783 207.1199 129.5614 187.4259 -14.369571042731309
0 1076.8161 394.3494 205.2 414.2667 0.0
