0 1227.0393 1269.8132 325.0006 451.5096 -56.08089852825526
0 311.74 989.8092 143.8984 190.2981 88.32673517897445
0 448.0532 468.1825 211.2094 337.9869 32.31481964537843
0 597.8012 609.3241 180.5366 313.919 -17.188751454018586
0 743.5764 1441.635 314.3977 516.582 22.91831180523293
0 1294.4505 224.9685 133.918 177.9169 13.407212406061266
0 1641.6768 944.1102 196.079 460.8081 78.88460117436819
0 1414.4825 549.1458 181.3937 212.7203 -90.0
0 1432.8655 427.1794 138.0595 160.9492 65.36279720928076
0 863.4618 204.384 130.06 187.2485 -11.390190508051035
0 1067.5894 396.3794 204.16 413.74 0.0
