0 581.9708 1035.3177 241.3473 310.7617 4.0563131302826605
0 324.9149 909.2531 170.5118 238.1597 -1.6732648210255547
0 340.9708 648.3176 132.1722 149.5736 19.48056503444799
0 604.3423 598.8901 170.0126 297.4417 -22.918329405326745
0 1209.4844 222.4822 111.9745 123.0337 5.729577951308232
0 1396.3152 352.4245 139.1906 151.6397 -69.37351937529036
0 1489.056 810.4525 193.6312 355.4714 84.2704044485979
0 1419.2371 553.9556 171.5164 205.0651 84.2704044485979
0 1435.4015 427.2917 140.0838 166.363 71.09237516058897
0 974.7245 246.211 115.7995 199.2611 -2.9104151401148783
