0 1470.4009 1365.8711 212.7404 476.1078 -44.163376389534136
0 317.49 992.2813 142.0059 210.9579 65.40842337374147
0 328.9735 691.5459 168.4734 178.952 8.021409131831525
0 601.8483 609.3494 172.819 316.3594 -17.188751454018586
0 711.1905 1412.4671 255.8441 506.8852 38.96113006889598
0 1334.6827 304.6209 147.8117 216.6232 14.896902673401405
0 1506.1994 806.297 214.5199 402.214 83.12448885833629
0 1425.6328 551.8236 180.7453 204.4326 84.2704044485979
0 1433.1456 433.4321 147.684 164.3305 71.09237516058897
0 849.0011 208.1546 129.6669 192.43 -9.78590868168476
0 1054.8494 394.7494 239.0 416.0 0.0
