0 598.1483 986.9097 310.3257 331.1763 34.37746770784939
0 315.9271 990.2536 145.7375 195.4207 72.28391691531135
0 372.2065 567.2817 185.026 199.5272 30.939720937064454
0 597.8012 609.3241 180.5366 313.919 -17.188751454018586
0 991.1383 1449.9848 298.8731 516.3192 1.1459155902616465
0 984.5543 341.6274 189.0776 424.0629 -4.583679961140433
0 1584.3462 910.1588 224.1908 461.7501 81.97857326807463
0 1414.4825 549.1458 181.3937 212.7203 -90.0
0 1419.0798 393.019 161.6014 196.7415 42.44448540404784
0 881.9587 194.9015 128.6187 177.561 -5.202246320638153
0 1101.6193 414.7263 200.1896 448.2386 5.729577951308232
