0 601.6316 928.8319 256.4094 281.3426 -55.62253229215061
0 311.5493 1028.6696 179.9979 218.6096 53.94926747112507
0 374.7179 592.3377 143.6428 155.9607 25.210142985756224
0 600.9933 602.1746 170.2119 302.1452 -17.188751454018586
0 1598.8288 1218.541 195.9462 360.1831 -72.76565758170841
0 1108.5489 513.4497 234.9838 498.9985 0.0
0 1376.7318 304.0289 138.8024 259.8297 20.91295952227505
0 1664.5024 658.6185 165.8397 328.9011 72.81124854598141
0 1412.4825 553.1458 181.3937 212.7203 -90.0
0 1588.9748 842.4535 191.9433 476.121 65.64927610684612
0 821.9885 202.9233 143.8836 200.0181 -14.369571042731309
0 1672.3151 952.3236 196.5798 362.0265 67.36814949223862
