0 603.1106 1013.59 233.9993 246.6972 34.37746770784939
0 332.6224 889.949 153.0 155.0 0.0
0 337.0681 637.4081 139.5005 161.541 25.210142985756224
0 585.4224 621.149 176.5584 316.423 -22.918329405326745
0 838.2901 223.4164 100.7082 142.8557 -9.167342322186983
0 1101.6224 178.0999 140.2 146.5019 0.0
0 1401.431 309.3643 138.7093 252.0034 32.0856365273261
0 1496.7516 491.9827 210.4137 237.1522 72.81124854598141
0 1417.1224 556.449 178.0 196.0 -90.0
0 1626.3654 702.8256 146.8054 227.731 72.81124854598141
0 1555.0468 951.6225 189.0613 451.0904 77.62409402508035
0 1110.6224 413.949 269.0 373.0 0.0
