0 603.3802 1066.7998 200.1773 394.1061 34.37746770784939
0 318.3224 900.149 135.6 157.8 0.0
0 380.5855 592.4736 127.9156 151.3728 19.48056503444799
0 588.6889 632.2472 166.8458 316.3487 -22.918329405326745
0 942.6224 274.949 129.0 129.0 0.0
0 1222.4774 201.2084 146.2215 178.2643 11.459155902616464
0 1368.966 293.0016 151.3025 272.2578 20.626480624709636
0 1481.1225 475.949 196.4307 232.3273 72.81124854598141
0 1429.1224 552.449 186.0 220.0 -90.0
0 1618.512 706.8471 206.3613 208.9614 72.81124854598141
0 1544.9272 966.4709 222.6424 461.0954 80.25969988268213
0 1104.1224 440.949 258.0 323.0 0.0
