0 1442.2009 1383.3711 259.5644 475.5186 -44.163376389534136
0 311.8273 965.8805 133.1472 189.3916 87.18081958871284
0 435.4963 517.8976 157.0912 288.0891 -61.35211024345884
0 601.8483 609.3494 172.819 316.3594 -17.188751454018586
0 754.998 1449.3099 323.4931 515.5044 17.188733853924695
0 1340.3178 260.1606 135.5751 196.7958 17.188733853924695
0 1476.2326 800.0847 244.1812 305.3995 73.95716413624314
0 1496.5266 568.613 165.9326 195.7521 72.81124854598141
0 1433.1456 433.4321 147.684 164.3305 71.09237516058897
0 906.9118 223.6439 141.5545 222.4887 -2.9104151401148783
0 1098.4494 399.9494 239.0 416.0 0.0
