0 582.6103 1033.9449 240.2657 307.9327 4.0563131302826605
0 329.6413 934.9057 146.7668 160.2666 -1.6732648210255547
0 348.0646 621.3449 129.2862 163.1925 19.48056503444799
0 600.3513 604.6152 180.3569 301.9338 -22.918329405326745
0 1280.438 214.0639 141.85 156.1617 10.886198107485642
0 682.599 1415.7421 237.1168 539.813 45.21803965087426
0 1498.4977 804.848 187.056 381.9416 84.2704044485979
0 1418.8577 550.2361 178.994 205.0774 84.2704044485979
0 1463.0877 470.882 150.3827 216.1943 88.28110901451367
0 926.0623 222.9176 136.6408 233.1411 -2.9104151401148783
0 1356.6319 1103.6768 356.0209 429.6931 -80.21410891840912
