0 601.6316 928.8319 256.4094 281.3426 -55.62253229215061
0 1129.9671 635.446 303.2381 589.1117 -1.6732648210255547
0 368.1416 598.8995 137.3508 150.9761 25.210142985756224
0 568.1327 603.2495 204.5687 265.9328 -17.188751454018586
0 887.1561 220.1007 107.9846 129.7569 -9.167342322186983
0 1206.3371 189.4123 128.644 148.4433 11.459155902616464
0 1343.837 281.9993 124.184 212.3112 14.896902673401405
0 1431.692 436.2958 145.2566 171.4946 61.35209264336498
0 1407.6224 550.449 170.0 215.0 -90.0
0 1619.7804 708.7618 172.111 217.2495 72.81124854598141
0 979.0152 201.2062 114.3841 218.8143 -8.639993091423094
0 1077.1225 391.449 222.5614 386.1482 5.729577951308232
