0 317.9106 1029.4869 128.8959 179.6483 49.89293674074855
0 344.4802 643.3794 133.4548 146.2186 32.70420288682379
0 549.3555 544.7987 155.9501 227.5382 61.35209264336498
0 580.6234 1085.7756 186.6298 260.3738 34.37746770784939
0 1572.4772 799.8461 187.9688 252.0734 83.12448885833629
0 1408.3831 548.7707 180.4053 182.4165 84.2704044485979
0 1315.9826 321.9336 151.3176 152.4423 1.673247220931728
0 1191.9072 223.2335 100.6675 120.0516 -1.1459331903554926
0 969.7214 224.4631 115.2181 154.9 -1.7600093883629597e-05
0 1070.4841 1086.1925 369.6684 375.9235 -13.2236554524697
