0 613.525 977.2153 254.5632 290.5585 34.37746770784939
0 323.5159 1011.2357 155.2176 216.9946 48.219689519816825
0 317.6034 667.9017 157.3158 220.3573 -68.22760378502872
0 588.8295 610.5393 198.3969 310.9381 -17.188751454018586
0 1447.8458 1371.2716 309.1926 465.5423 -48.128472391082994
0 804.4116 500.6437 357.1623 436.7219 -20.626498224803527
0 1625.7818 907.7745 229.2732 429.2941 77.39491090702802
0 1414.4825 549.1458 181.3937 212.7203 -90.0
0 1404.8398 326.7767 136.0742 229.7832 19.52617359881492
0 882.8026 197.757 138.891 190.0296 -8.639993091423094
0 1141.0494 426.2494 215.0001 447.0 -1.7600093883629597e-05
