0 581.9708 1035.3177 241.3473 310.7617 4.0563131302826605
0 334.1413 928.9057 148.5345 156.1134 88.32673517897445
0 348.0646 621.3449 129.2862 163.1925 19.48056503444799
0 598.4776 602.6552 182.282 296.8639 -22.918329405326745
0 1212.6033 227.5281 100.8078 124.6239 -84.27042204869177
0 1580.906 434.8878 174.6397 223.689 47.364530162741225
0 1498.5757 806.0847 193.0739 370.6422 84.2704044485979
0 1418.8577 550.2361 178.994 205.0774 84.2704044485979
0 1411.7325 426.9864 129.4447 160.2972 -15.0878871066123
0 974.7245 246.211 115.7995 199.2611 -2.9104151401148783
0 1802.1884 1201.5098 146.4784 277.373 -72.57469074859131
