0 601.6316 928.8319 256.4094 281.3426 -55.62253229215061
0 320.992 1022.8011 178.3732 240.7857 53.94926747112507
0 361.3391 613.6799 164.4957 179.6341 25.210142985756224
0 600.9933 602.1746 170.2119 302.1452 -17.188751454018586
0 1692.32 1087.677 155.3759 338.6037 -83.65185568919406
0 1488.7964 1358.1714 252.0745 475.1042 -51.566219161867934
0 1302.1651 232.3308 160.8863 229.8487 14.896902673401405
0 1664.7846 810.603 172.2917 286.8964 -55.62253229215061
0 1412.4825 553.1458 181.3937 212.7203 -90.0
0 1580.8177 820.968 175.5425 474.8567 71.09237516058897
0 828.0782 198.917 163.4084 193.5665 -14.369571042731309
0 1095.6832 614.7482 338.585 558.4498 -2.8648065757479912
