0 581.9708 1035.3177 241.3473 310.7617 4.0563131302826605
0 319.815 925.2277 159.3832 204.2716 -1.6732648210255547
0 340.9708 648.3176 132.1722 149.5736 19.48056503444799
0 599.8234 600.9736 183.1927 294.9432 -22.918329405326745
0 1209.4844 222.4822 111.9745 123.0337 5.729577951308232
0 1360.7812 316.3675 126.6472 143.8979 10.313240312354818
0 1492.099 809.3633 192.0713 361.7444 84.2704044485979
0 1419.2371 553.9556 171.5164 205.0651 84.2704044485979
0 1438.348 408.569 178.8223 187.5901 71.09237516058897
0 982.748 244.2554 119.9382 197.5579 -2.9104151401148783
