0 601.6316 928.8319 256.4094 281.3426 -55.62253229215061
0 276.8725 898.449 166.0558 198.0675 -84.27042204869177
0 370.8882 597.3903 163.7767 168.1244 19.48056503444799
0 608.4381 601.7422 151.6846 245.1905 -17.188751454018586
0 913.9204 218.175 132.7822 135.734 -3.437764370878824
0 1122.1224 161.0999 117.3019 120.0 -90.0
0 1333.3768 285.2718 130.3601 208.1548 14.896902673401405
0 1459.0601 451.9837 172.0718 199.4718 72.81124854598141
0 1416.1224 553.449 176.0 198.0 -90.0
0 1618.2185 718.7089 158.1248 208.386 72.81124854598141
0 940.2903 431.6192 236.2515 464.281 -11.504782067077201
0 1121.1224 391.449 190.0 418.0 0.0
