0 580.8838 1030.9617 244.6909 308.0557 4.0563131302826605
0 327.4318 931.6421 142.5402 153.6132 -1.6732648210255547
0 344.0697 632.5229 131.5869 194.768 19.48056503444799
0 597.72 606.7112 186.8365 303.7455 -22.918329405326745
0 1290.8534 220.8698 130.1517 156.6921 17.188733853924695
0 1526.2642 1345.9392 218.0679 499.9477 -50.511538300433955
0 1519.1949 794.7307 185.7495 336.7174 84.2704044485979
0 1418.8577 550.2361 178.994 205.0774 84.2704044485979
0 1476.873 476.4017 136.3194 236.3325 85.9892778339904
0 919.0623 221.9176 136.6408 233.1411 -2.9104151401148783
0 1348.5709 1050.3072 340.9452 388.1031 -49.2743879813446
