0 602.7802 1065.2998 200.1773 394.1061 34.37746770784939
0 314.1224 906.449 132.0 156.0 0.0
0 370.5855 606.4736 127.9156 151.3728 19.48056503444799
0 588.6889 632.2472 166.8458 316.3487 -22.918329405326745
0 942.6224 274.949 129.0 129.0 0.0
0 1209.6224 200.449 127.0 174.0 8.594366926962348
0 1355.638 293.1756 148.0288 288.177 14.896902673401405
0 1481.1225 475.949 196.4307 232.3273 72.81124854598141
0 1419.1224 556.449 178.0 200.0 -90.0
0 1624.9073 714.6136 164.3388 205.3049 72.81124854598141
0 1573.6484 948.1257 210.1164 476.8101 81.40561547294385
0 1104.1224 440.949 258.0 323.0 0.0
