0 601.6316 928.8319 256.4094 281.3426 -55.62253229215061
0 306.5456 997.3644 178.3869 216.2808 71.13800132504974
0 376.083 589.7245 139.8004 153.6283 25.210142985756224
0 600.9933 602.1746 170.2119 302.1452 -17.188751454018586
0 1019.3151 416.9407 158.6534 346.0927 -3.437764370878824
0 1196.1529 192.9939 127.8917 163.6747 5.729577951308232
0 1324.4748 251.6027 133.4545 159.5207 20.626480624709636
0 1409.9466 331.9675 194.8656 222.789 21.24504698420742
0 1412.4825 553.1458 181.3937 212.7203 -90.0
0 1597.3623 691.7184 209.366 314.8778 59.63321925797254
0 944.9826 210.6458 121.0917 199.6813 -8.639993091423094
0 1166.3153 740.1344 325.7668 444.6807 72.81124854598141
