0 863.3367 1132.9267 335.1873 392.4251 -85.70281653651882
0 311.74 989.8092 143.8984 190.2981 88.32673517897445
0 404.9814 510.7723 199.9083 311.4669 30.939720937064454
0 597.8012 609.3241 180.5366 313.919 -17.188751454018586
0 743.3115 1441.0352 312.991 517.7781 23.348030151581046
0 1209.185 196.505 133.8902 162.9957 9.167324722093172
0 1588.4583 936.1964 225.1801 397.3572 78.97054484363781
0 1414.4825 549.1458 181.3937 212.7203 -90.0
0 1410.6302 419.1693 127.2054 170.7458 -24.637202790719243
0 883.5918 199.744 130.06 187.2485 -3.7698518328111277
0 1059.4744 396.0119 214.8 413.075 0.0
