0 1266.1457 1286.0439 316.4204 458.9595 -52.872334875522654
0 311.74 989.8092 143.8984 190.2981 88.32673517897445
0 456.6269 461.8074 213.6468 341.1089 33.00236899953541
0 597.8012 609.3241 180.5366 313.919 -17.188751454018586
0 743.5764 1441.635 314.3977 516.582 22.91831180523293
0 1302.8731 228.8567 133.8894 181.2115 13.808282862652838
0 1639.6923 949.0173 197.7753 458.3152 79.05648851290744
0 1414.4825 549.1458 181.3937 212.7203 -90.0
0 1435.5591 427.9107 134.6913 165.2364 65.36279720928076
0 861.1218 204.904 130.06 187.2485 -12.1923314212342
0 1068.9094 396.3944 203.04 413.81 0.0
