0 574.1624 1046.212 250.2365 300.0064 4.0563131302826605
0 327.4318 931.6421 142.5402 153.6132 -1.6732648210255547
0 346.84 634.2387 132.0275 175.5336 25.210142985756224
0 582.8337 617.9571 174.0982 299.1197 -22.918329405326745
0 973.1341 838.9287 387.7462 394.2978 41.41665529148815
0 1534.0257 1339.6042 263.365 495.4535 -50.511538300433955
0 1535.2937 798.8652 162.0085 351.4807 84.2704044485979
0 1416.8577 552.2361 178.994 205.0774 84.2704044485979
0 1426.072 435.0874 125.5703 156.3855 70.76498707645123
0 1123.2039 200.3291 123.1396 193.5312 2.8191628111933653
0 1481.2582 1080.3257 204.6156 507.7284 -88.84566080627548
