0 1452.0029 1371.4731 237.6041 468.4147 -44.163376389534136
0 317.49 992.2813 142.0059 210.9579 65.40842337374147
0 332.3494 643.0493 148.3849 153.2576 19.48056503444799
0 601.8483 609.3494 172.819 316.3594 -17.188751454018586
0 685.9382 1404.4967 304.3853 526.7076 45.83662361046586
0 1320.0945 264.149 177.0864 244.1225 9.167324722093172
0 1534.5014 803.3014 172.8364 347.8889 84.2704044485979
0 1425.6328 551.8236 180.7453 204.4326 84.2704044485979
0 1429.7176 431.0745 141.0015 159.3724 71.09237516058897
0 820.0513 213.2514 160.4689 167.4023 -8.639993091423094
0 1056.0172 395.036 236.1326 415.8864 -5.729595551402099
