0 601.3995 916.3152 267.4434 276.8083 34.37746770784939
0 303.8724 897.149 152.5 182.6 0.0
0 364.7916 574.1715 137.7509 165.4105 25.210142985756224
0 612.2261 605.4576 156.4987 254.8468 -17.761709249149362
0 968.7943 238.9554 110.4974 182.69 -9.167342322186983
0 1135.1724 182.9499 116.1 164.6019 0.0
0 1401.431 309.3643 138.7093 252.0034 32.0856365273261
0 1460.6832 454.2506 165.5824 190.5385 72.81124854598141
0 1416.1224 553.449 176.0 198.0 -90.0
0 1623.9808 714.7931 154.0487 221.7102 72.81124854598141
0 1128.542 648.6803 342.1968 491.4253 2.8191628111933653
0 1088.1224 409.099 252.0 326.7 0.0
