0 1475.9009 1360.9711 210.7277 478.3414 -44.163376389534136
0 317.49 992.2813 142.0059 210.9579 65.40842337374147
0 330.4494 651.9493 148.3849 153.2576 19.48056503444799
0 601.8483 609.3494 172.819 316.3594 -17.188751454018586
0 682.1948 1403.9538 258.6521 522.0015 42.97183463481174
0 1327.1636 263.7429 144.4054 256.6886 6.302535746439056
0 1530.9494 802.4494 170.4317 354.7873 84.2704044485979
0 1425.6328 551.8236 180.7453 204.4326 84.2704044485979
0 1429.7176 431.0745 141.0015 159.3724 71.09237516058897
0 836.9493 210.4494 139.5177 166.8526 -8.639993091423094
0 1042.3652 397.934 221.6209 417.2404 -5.729595551402099
