0 601.6316 928.8319 256.4094 281.3426 -55.62253229215061
0 320.992 1022.8011 178.3732 240.7857 53.94926747112507
0 361.775 616.6723 165.5987 188.3823 25.210142985756224
0 600.9933 602.1746 170.2119 302.1452 -17.188751454018586
0 1691.0814 1090.4248 161.1116 336.7493 -83.65185568919406
0 1478.8101 1364.4115 243.3658 487.9824 -44.69072562029805
0 1295.8651 229.9308 160.8863 229.8487 14.896902673401405
0 1659.3586 809.7781 165.3038 285.6877 -55.62253229215061
0 1412.4825 553.1458 181.3937 212.7203 -90.0
0 1578.5736 812.5654 186.066 475.5948 71.09237516058897
0 825.0782 199.517 163.4084 193.5665 -14.369571042731309
0 1115.6884 671.0461 356.4199 513.2865 -4.583679961140433
