0 582.5338 1034.7263 250.2365 300.0064 4.0563131302826605
0 327.4318 931.6421 142.5402 153.6132 -1.6732648210255547
0 346.84 634.2387 132.0275 175.5336 25.210142985756224
0 576.5546 620.0404 187.2877 298.067 -22.918329405326745
0 1056.2487 1273.7988 305.1794 344.7918 -83.12450645843012
0 1523.861 1349.6305 211.8205 504.408 -50.511538300433955
0 1540.6211 793.6396 173.7397 363.1256 84.2704044485979
0 1416.8577 552.2361 178.994 205.0774 84.2704044485979
0 1435.9785 434.6426 123.2204 175.3309 71.09237516058897
0 1123.2039 200.3291 123.1396 193.5312 2.8191628111933653
0 1146.6497 533.7992 329.9095 422.4683 -3.437764370878824
