0 605.5325 1073.7903 218.003 352.2785 32.70420288682379
0 327.4318 934.8421 148.6545 149.7901 -1.6732648210255547
0 340.0446 648.8317 139.5065 151.2171 25.210142985756224
0 583.6733 615.7438 198.4151 310.8553 -19.48058263454186
0 978.8582 1480.8741 392.2402 503.6544 1.1459155902616465
0 1398.367 303.1571 142.0266 236.8612 17.188733853924695
0 1543.896 796.3961 182.5221 345.6115 84.2704044485979
0 1415.9493 557.4494 175.996 221.5364 84.2704044485979
0 1430.4252 430.5893 134.4886 167.4504 71.09237516058897
0 959.5121 224.2 131.3387 242.1449 -8.639993091423094
0 1129.196 424.981 172.8934 443.9366 5.729577951308232
