0 601.6316 928.8319 256.4094 281.3426 -55.62253229215061
0 307.7433 982.0963 169.652 186.2391 83.4156847337901
0 376.083 589.7245 139.8004 153.6283 25.210142985756224
0 594.3485 605.9733 183.3128 298.963 -17.188751454018586
0 1021.7019 359.9143 145.2816 315.8309 -1.800766654410495
0 1195.6398 192.8852 127.7702 163.1919 5.729577951308232
0 1347.4696 259.8731 132.6811 161.5909 20.626480624709636
0 1401.6962 346.286 163.3897 237.3964 21.24504698420742
0 1412.4825 553.1458 181.3937 212.7203 -90.0
0 1624.6744 612.1621 174.2741 309.4886 55.049556896925935
0 946.8425 202.3459 113.4873 183.5263 -8.639993091423094
0 1202.5175 526.9397 264.729 450.8251 5.729577951308232
