0 581.9708 1035.3177 241.3473 310.7617 4.0563131302826605
0 333.9719 929.2248 147.9064 155.7561 88.32673517897445
0 347.5679 637.2755 129.7569 185.3089 19.48056503444799
0 598.4913 602.6008 182.2143 296.7743 -22.918329405326745
0 1204.1741 221.9565 111.2726 119.917 5.729577951308232
0 1300.3425 299.3923 166.3424 228.1948 2.291831180523293
0 1496.5757 809.418 193.0739 370.6422 84.2704044485979
0 1418.8577 550.2361 178.994 205.0774 84.2704044485979
0 1407.2999 413.2412 139.4784 169.9753 -18.907624839411028
0 974.7245 246.211 115.7995 199.2611 -2.9104151401148783
