0 603.6316 920.8319 271.8734 275.6096 -55.62253229215061
0 305.6224 922.949 153.0 155.0 0.0
0 365.7724 586.0636 159.2234 163.6991 19.48056503444799
0 610.4381 603.7422 151.6846 245.1905 -17.188751454018586
0 887.8951 254.0783 112.0952 178.4383 -14.896920273495255
0 1130.1224 169.5999 112.0 134.3019 0.0
0 1384.431 300.8643 148.5735 247.5652 32.0856365273261
0 1457.6756 446.3915 169.4718 189.437 72.81124854598141
0 1416.1224 553.449 176.0 198.0 -90.0
0 1623.9808 714.7931 154.0487 221.7102 72.81124854598141
0 1104.4371 618.0749 300.2968 522.6787 -2.9104151401148783
0 1113.1224 352.449 174.0 300.0 0.0
