0 590.225 946.6116 322.5592 444.1512 -69.37351937529036
0 311.74 989.8092 143.8984 190.2981 88.32673517897445
0 378.9522 556.4023 197.4664 216.6019 30.939720937064454
0 597.8012 609.3241 180.5366 313.919 -17.188751454018586
0 795.644 1449.6383 295.6417 532.5305 24.064227395494573
0 1072.385 228.7064 153.9819 256.2259 1.1459155902616465
0 1592.0621 932.1398 226.1999 436.7636 84.2704044485979
0 1414.4825 549.1458 181.3937 212.7203 -90.0
0 1430.0379 408.815 171.1202 173.3881 -24.637202790719243
0 882.1418 200.144 130.06 187.2485 -2.9104151401148783
0 1094.1494 405.8494 215.6001 426.6 2.291831180523293
