0 1441.3009 1384.1711 259.5644 475.5186 -44.163376389534136
0 310.5291 962.8174 132.0729 187.0122 -89.38143364050228
0 446.1568 510.7828 160.5831 294.4994 -60.20619465319719
0 601.8483 609.3494 172.819 316.3594 -17.188751454018586
0 751.2541 1448.4174 327.1478 516.8703 17.188733853924695
0 1339.6762 257.589 134.0141 198.0476 18.90760723931717
0 1472.8003 798.6552 244.5981 299.0197 73.3842063411123
0 1498.7379 570.2812 165.5358 198.9913 72.81124854598141
0 1433.1456 433.4321 147.684 164.3305 71.09237516058897
0 906.9118 223.6439 141.5545 222.4887 -2.9104151401148783
0 1098.4494 399.9494 239.0 416.0 0.0
