0 1471.9009 1365.9711 210.7277 478.3414 -44.163376389534136
0 317.49 992.2813 142.0059 210.9579 65.40842337374147
0 344.8136 657.2566 134.1781 161.8651 17.188733853924695
0 601.8483 609.3494 172.819 316.3594 -17.188751454018586
0 681.4035 1398.613 241.3158 509.8797 45.83662361046586
0 1335.0202 299.0207 150.0388 227.6207 14.896902673401405
0 1525.595 803.4043 178.4269 366.3521 84.2704044485979
0 1425.6328 551.8236 180.7453 204.4326 84.2704044485979
0 1430.4032 431.546 142.338 160.364 71.09237516058897
0 877.5994 196.0602 126.6386 185.7101 -4.056330730376516
0 1040.6494 392.9494 239.0 416.0 0.0
