0 601.6316 928.8319 256.4094 281.3426 -55.62253229215061
0 1101.5973 733.8256 379.6831 501.6003 7.494059901067658
0 368.1416 598.8995 137.3508 150.9761 25.210142985756224
0 568.5327 605.0495 204.8683 262.2572 -17.188751454018586
0 866.5561 221.3007 107.9846 129.7569 -9.167342322186983
0 1143.1033 177.5142 125.2383 143.7305 0.0
0 1364.0561 279.1806 132.4206 212.2394 14.896902673401405
0 1435.692 431.0958 147.3629 172.6452 61.35209264336498
0 1407.6224 550.449 170.0 215.0 -90.0
0 1619.4185 717.9089 157.3055 211.1516 72.81124854598141
0 957.5206 205.5556 107.3936 220.9995 -6.348161910899819
0 1095.9183 404.3959 236.2161 391.9651 2.291831180523293
