0 538.1745 963.3026 206.6879 383.6005 -61.35211024345884
0 328.0014 909.0232 166.5367 193.0929 -1.6732648210255547
0 337.5346 652.5034 138.0924 159.9992 25.210142985756224
0 576.5466 617.4389 223.4418 317.177 -17.188751454018586
0 1061.1655 1478.5756 313.0592 497.9794 -17.188751454018586
0 1370.9493 278.7768 156.3612 248.0197 26.35605857601787
0 1540.5368 795.5155 180.0991 339.1024 84.2704044485979
0 1415.9493 557.4494 175.996 221.5364 84.2704044485979
0 1438.4252 428.5893 134.4886 167.4504 71.09237516058897
0 967.5121 220.2 131.3387 242.1449 -2.9104151401148783
0 1131.896 428.981 169.8933 433.9366 -1.7600093883629597e-05
