0 580.9119 1037.398 243.1655 315.0617 4.0563131302826605
0 313.8775 966.0069 163.5266 167.757 -1.6732648210255547
0 340.9708 648.3176 132.1722 149.5736 19.48056503444799
0 599.3081 601.418 184.4671 294.2837 -22.918329405326745
0 1209.4844 222.4822 111.9745 123.0337 5.729577951308232
0 1332.0511 313.1 158.0003 164.0658 -69.37351937529036
0 1500.099 806.8633 188.6937 378.1636 84.2704044485979
0 1419.2371 553.9556 171.5164 205.0651 84.2704044485979
0 1683.6621 730.1748 135.8125 340.7688 76.82195311189724
0 985.4009 243.8114 125.2823 196.9404 -2.9104151401148783
