0 623.5207 999.2328 228.6675 304.81 37.9754146020274
0 324.4318 933.6421 148.6545 149.7901 -1.6732648210255547
0 340.0446 648.8317 139.5065 151.2171 25.210142985756224
0 581.33 616.0575 208.2154 289.9677 -22.918329405326745
0 968.2377 1477.5103 305.3456 516.9948 10.427831871380983
0 1680.6913 979.4614 222.8799 443.9689 86.63121862378048
0 1515.9957 795.6423 182.2755 311.8425 84.2704044485979
0 1415.9493 557.4494 175.996 221.5364 84.2704044485979
0 1430.4252 430.5893 134.4886 167.4504 71.09237516058897
0 1036.7524 211.6084 97.186 212.2967 1.902430338984061
0 1122.996 424.981 172.8934 443.9366 5.729577951308232
