0 578.4494 1040.9494 241.2473 287.786 4.0563131302826605
0 327.4318 931.6421 142.5402 153.6132 -1.6732648210255547
0 343.966 629.7565 132.2114 184.0287 19.48056503444799
0 580.3596 618.1271 209.2509 297.6549 -22.918329405326745
0 1151.5949 214.2961 123.7606 213.0176 3.437746770784939
0 1528.109 1349.8434 206.6534 505.1234 -50.511538300433955
0 1521.0245 796.4897 189.6151 333.4278 84.2704044485979
0 1418.8577 553.4361 178.994 205.0774 84.2704044485979
0 1442.4046 428.5734 145.2684 185.4101 65.36279720928076
0 873.8623 236.9176 136.6408 233.1411 -10.931824271946397
0 1791.1192 1185.3749 168.7123 277.5307 -75.63044655736246
