0 573.5338 1046.7263 250.2365 300.0064 4.0563131302826605
0 327.4318 931.6421 142.5402 153.6132 -1.6732648210255547
0 346.84 634.2387 132.0275 175.5336 25.210142985756224
0 582.8596 618.1271 174.1829 299.453 -22.918329405326745
0 836.4005 968.186 303.9354 390.7663 -59.06027906293555
0 1533.2257 1339.4406 260.1866 495.9993 -50.511538300433955
0 1534.6211 793.6396 172.5417 351.1855 84.2704044485979
0 1416.8577 552.2361 178.994 205.0774 84.2704044485979
0 1430.8785 436.1426 123.6875 164.7091 71.09237516058897
0 1123.2039 200.3291 123.1396 193.5312 2.8191628111933653
0 1268.0851 906.9807 373.3454 425.0097 -57.29579711317621
