0 602.2614 942.6009 280.1446 281.1137 -55.62253229215061
0 324.8825 1021.5031 165.454 235.6181 53.94926747112507
0 370.139 606.5984 132.9487 153.1168 -64.78985701424378
0 600.7394 601.0673 167.7063 299.0521 -17.188751454018586
0 1681.93 997.0533 170.3376 337.4705 46.157041457345855
0 1493.3138 1351.8814 224.1756 454.3008 -63.02537506448442
0 1108.2402 157.6934 110.2934 115.3434 -0.22920071814615994
0 1668.4927 726.2822 187.7306 375.6408 73.15502322305997
0 1415.4225 541.3858 181.3937 212.7203 -90.0
0 1596.3679 649.2979 134.1089 310.3128 24.682793754992304
0 821.2441 209.528 151.9446 182.6191 -13.452838570522005
0 1083.7593 411.226 198.1 437.1668 -1.7600093883629597e-05
