0 594.2073 990.2307 251.1088 266.4009 34.37746770784939
0 332.6224 889.949 153.0 155.0 0.0
0 336.5908 633.6469 145.9003 165.233 25.210142985756224
0 595.4224 612.732 189.501 321.7607 -22.918329405326745
0 879.676 218.0846 90.3994 151.1154 -8.708976086082373
0 1104.0524 186.4099 134.78 172.4019 0.0
0 1401.431 309.3643 138.7093 252.0034 32.0856365273261
0 1496.7516 491.9827 210.4137 237.1522 72.81124854598141
0 1417.1224 556.449 178.0 196.0 -90.0
0 1627.1772 704.1127 166.1089 232.8681 72.81124854598141
0 1518.1112 1030.6853 229.6148 501.4619 -89.48433798438226
0 1110.6224 413.949 269.0 373.0 0.0
