0 610.9075 966.0582 294.3319 312.1573 34.37746770784939
0 299.0224 898.799 143.8 152.7 0.0
0 388.7225 591.649 139.3199 140.7479 -64.78985701424378
0 582.1224 623.949 172.1806 314.7996 -22.918329405326745
0 858.3621 236.4336 124.665 149.5514 -11.229990384657981
0 1094.0807 192.0999 124.0834 187.3019 0.0
0 1401.431 309.3643 138.7093 252.0034 32.0856365273261
0 1491.3516 492.8827 208.9417 226.3026 72.81124854598141
0 1417.1224 556.449 178.0 196.0 -90.0
0 1626.0048 702.707 140.0701 225.7099 72.81124854598141
0 1565.1224 879.949 207.2353 443.0424 68.8005439800657
0 1103.3224 436.699 268.8 323.9 0.0
