0 607.0614 977.9503 255.1495 291.6017 34.37746770784939
0 324.3881 1024.7794 159.6985 226.2545 48.219689519816825
0 309.2211 698.9266 161.2845 222.0815 -70.51943496555201
0 585.3326 610.341 204.9611 308.4924 -17.188751454018586
0 1472.6669 1369.6103 314.535 450.7399 -55.385956894666606
0 737.6974 548.2839 405.0006 476.9613 64.78983941414998
0 1615.5492 883.3472 237.849 430.086 72.81124854598141
0 1414.4825 549.1458 181.3937 212.7203 -90.0
0 1405.6379 327.0777 130.8427 226.1897 15.70643586601625
0 880.8026 197.757 138.891 190.0296 -8.639993091423094
0 1145.7827 427.4494 215.0001 447.0 -1.7600093883629597e-05
