0 601.6316 928.8319 256.4094 281.3426 -55.62253229215061
0 313.7107 1036.3729 157.4353 216.3544 53.94926747112507
0 376.083 589.7245 139.8004 153.6283 25.210142985756224
0 600.9933 602.1746 170.2119 302.1452 -17.188751454018586
0 1111.5535 619.7998 204.1412 375.1066 -1.7188909854863255
0 1179.5529 189.9939 132.6677 164.1539 5.729577951308232
0 1334.119 292.1952 138.8769 231.4449 20.626480624709636
0 1491.239 388.0818 167.7488 216.7563 26.97462493551558
0 1412.4825 553.1458 181.3937 212.7203 -90.0
0 1636.4268 757.9814 201.2403 369.2409 71.09237516058897
0 972.1505 217.7681 121.0456 222.3035 -2.9104151401148783
0 1404.2488 1077.6892 342.3369 539.5347 -81.97859086816848
