0 601.6316 928.8319 256.4094 281.3426 -55.62253229215061
0 824.4028 1093.0598 379.1615 440.3846 42.49011156850858
0 386.1224 566.449 140.1134 166.1453 25.210142985756224
0 570.6405 611.7139 213.8551 248.2779 -17.188751454018586
0 874.6393 235.7749 132.3785 159.2002 -12.032131297841147
0 1184.4308 186.0288 137.5093 152.1136 8.594366926962348
0 1337.255 283.7847 127.3448 218.3135 12.032113697747286
0 1431.692 436.2958 145.2566 171.4946 61.35209264336498
0 1407.6224 550.449 170.0 215.0 -90.0
0 1627.2804 715.7618 152.3928 226.8513 74.81660082893939
0 975.1512 216.0594 120.6629 218.7891 -2.9104151401148783
0 1104.1988 408.6478 237.5424 384.1931 2.864788975654116
