0 601.6316 928.8319 256.4094 281.3426 -55.62253229215061
0 295.8392 902.9912 169.2289 280.0337 -78.15885313536981
0 369.8215 600.057 163.7767 168.1244 19.48056503444799
0 599.8206 602.1973 167.3265 245.7266 -17.188751454018586
0 899.3166 217.4219 126.1695 134.1401 -4.965670923154107
0 1121.8557 163.2332 120.5019 120.5333 -90.0
0 1332.5101 280.5051 126.2342 216.9221 14.896902673401405
0 1457.66 449.0304 178.5423 200.4013 72.81124854598141
0 1416.1224 553.449 176.0 198.0 -90.0
0 1618.2185 718.7089 158.1248 208.386 72.81124854598141
0 932.3394 415.9892 207.9176 445.2497 -7.494077501161456
0 1120.2557 389.3157 183.0667 413.7333 0.0
