0 613.4034 986.3079 271.4078 327.6479 34.37746770784939
0 296.7335 902.7268 141.0 153.0 0.0
0 389.1225 591.449 139.3199 140.7479 -64.78985701424378
0 582.1224 623.949 172.1806 314.7996 -22.918329405326745
0 846.1267 239.3688 125.2124 150.1796 -11.459173502710257
0 1094.0807 192.0999 124.0834 187.3019 0.0
0 1401.431 309.3643 138.7093 252.0034 32.0856365273261
0 1490.7516 492.9827 208.7781 225.0971 72.81124854598141
0 1417.1224 556.449 178.0 196.0 -90.0
0 1624.1159 703.8181 139.0636 221.4442 72.81124854598141
0 1565.1224 879.949 207.2353 443.0424 68.8005439800657
0 1102.6224 438.949 269.0 319.0 0.0
