0 602.8316 918.8319 272.0305 274.2713 34.37746770784939
0 304.8224 918.149 153.0 155.0 0.0
0 363.7724 588.0636 156.7863 158.5942 19.48056503444799
0 610.4381 603.7422 151.6846 245.1905 -17.188751454018586
0 900.7184 251.5318 110.3571 184.1708 -12.60508909297198
0 1130.5224 174.3999 112.8 145.5019 0.0
0 1391.231 304.2643 144.6278 249.3405 32.0856365273261
0 1458.7108 447.6713 166.4147 190.6587 72.81124854598141
0 1416.1224 553.449 176.0 198.0 -90.0
0 1623.9808 714.7931 154.0487 221.7102 72.81124854598141
0 1112.958 627.7993 316.4917 505.5856 -0.6185839595915752
0 1106.9224 365.649 175.2 326.4 0.0
