0 601.6316 928.8319 256.4094 281.3426 -55.62253229215061
0 314.4047 900.4978 152.6763 153.8645 5.729577951308232
0 365.5893 594.7397 149.0781 163.5336 -70.51943496555201
0 610.4381 603.7422 151.6846 245.1905 -17.188751454018586
0 870.2918 222.8936 111.0707 136.2364 -14.896920273495255
0 1134.1224 163.0999 117.3019 120.0 -90.0
0 1328.9512 303.6942 177.0323 244.1173 14.896902673401405
0 1455.6756 454.3915 169.4718 189.437 72.81124854598141
0 1416.1224 553.449 176.0 198.0 -90.0
0 1618.2185 718.7089 158.1248 208.386 72.81124854598141
0 1098.2556 577.1623 295.8609 507.0586 -2.9104151401148783
0 1116.6224 303.449 171.0 242.0 0.0
