0 1445.4009 1382.4711 259.5644 475.5186 -44.163376389534136
0 310.481 944.0044 153.2654 180.5475 -85.94368686971734
0 521.2907 457.0861 185.7961 300.0014 -44.73633418466497
0 601.8483 609.3494 172.819 316.3594 -17.188751454018586
0 783.0102 1459.525 330.8025 518.2361 17.188733853924695
0 1301.3453 230.8252 135.7609 191.5856 14.896902673401405
0 1503.9954 850.6327 229.6614 353.0558 75.67603752163552
0 1504.1886 571.9679 154.8758 202.7658 72.81124854598141
0 1417.9848 432.7663 142.8391 188.7569 68.22758618493486
0 909.9118 223.1439 141.5545 222.4887 -2.9104151401148783
0 1077.4494 398.4494 239.0 416.0 0.0
