0 580.8838 1030.9617 244.6909 308.0557 4.0563131302826605
0 327.4318 931.6421 142.5402 153.6132 -1.6732648210255547
0 345.566 627.3565 132.2114 184.0287 19.48056503444799
0 597.72 606.7112 186.8365 303.7455 -22.918329405326745
0 1273.9569 217.3175 119.7288 154.7824 17.188733853924695
0 1531.7666 1343.2031 217.8031 512.0931 -50.511538300433955
0 1519.1949 794.7307 185.7495 336.7174 84.2704044485979
0 1418.8577 550.2361 178.994 205.0774 84.2704044485979
0 1473.9236 468.1174 150.3355 225.8819 75.10307972650475
0 919.0623 221.9176 136.6408 233.1411 -2.9104151401148783
0 1353.0135 1030.8326 371.1672 394.46 -55.57692372778371
