0 581.9708 1035.3177 241.3473 310.7617 4.0563131302826605
0 334.1413 928.9057 148.5345 156.1134 88.32673517897445
0 348.0646 621.3449 129.2862 163.1925 19.48056503444799
0 598.4776 602.6552 182.282 296.8639 -22.918329405326745
0 1290.6939 209.438 138.9557 153.2795 11.459155902616464
0 1687.3412 1041.622 221.7681 429.2489 -89.47266836932992
0 1497.9895 799.1636 203.8471 368.5347 84.2704044485979
0 1418.8577 550.2361 178.994 205.0774 84.2704044485979
0 1466.9074 459.065 169.1409 223.1888 77.96786870215885
0 974.7245 246.211 115.7995 199.2611 -2.9104151401148783
0 1355.7667 1259.8948 301.0047 428.2322 -41.825936644643946
