0 578.4494 1040.9494 241.2473 287.786 4.0563131302826605
0 327.4318 931.6421 142.5402 153.6132 -1.6732648210255547
0 347.8756 631.9094 132.1378 180.6307 25.210142985756224
0 582.8596 618.1271 174.1829 299.453 -22.918329405326745
0 1102.8527 510.4853 277.6489 521.1134 10.313240312354818
0 1534.0257 1340.0406 263.365 495.4535 -50.511538300433955
0 1532.2338 789.4794 181.2971 347.2655 84.2704044485979
0 1416.8577 552.2361 178.994 205.0774 84.2704044485979
0 1388.095 410.6383 152.4481 170.4467 65.36279720928076
0 1088.7951 209.7904 119.9397 215.0087 -0.6185839595915752
0 1693.8276 1055.4499 185.0703 420.2066 89.47265076923611
