0 596.7123 1054.1738 226.009 375.7608 32.70420288682379
0 324.4318 933.6421 148.6545 149.7901 -1.6732648210255547
0 340.0446 648.8317 139.5065 151.2171 25.210142985756224
0 577.1626 624.2091 227.2457 300.7545 -22.918329405326745
0 963.1272 1476.9723 312.2328 519.635 10.313240312354818
0 1638.9866 642.3324 187.2883 349.1938 63.02535746439057
0 1529.4533 797.5534 181.9415 316.6394 84.2704044485979
0 1415.9493 557.4494 175.996 221.5364 84.2704044485979
0 1430.4252 430.5893 134.4886 167.4504 71.09237516058897
0 960.8572 224.3606 114.6414 242.8666 -8.639993091423094
0 1118.396 424.981 172.8934 443.9366 5.729577951308232
