0 601.6316 928.8319 256.4094 281.3426 -55.62253229215061
0 308.4026 977.0358 167.0316 177.2267 87.09894391978855
0 376.083 589.7245 139.8004 153.6283 25.210142985756224
0 591.2271 607.5347 188.3591 297.9731 -17.188751454018586
0 1015.4076 349.9512 140.5798 308.9479 -3.02850061781686
0 1195.1267 192.7764 127.6488 162.7091 5.729577951308232
0 1357.6941 263.5168 136.7211 174.7544 20.626480624709636
0 1404.739 352.2294 159.9406 242.2466 21.24504698420742
0 1412.4825 553.1458 181.3937 212.7203 -90.0
0 1619.9336 590.7176 168.3534 309.0102 53.33068351153344
0 946.7457 198.671 111.1415 175.9283 -8.639993091423094
0 1182.7034 502.4304 273.7123 419.7107 5.729577951308232
