0 581.3333 1039.3621 242.0469 318.9205 4.0563131302826605
0 329.6413 934.9057 146.7668 160.2666 -1.6732648210255547
0 348.0646 621.3449 129.2862 163.1925 19.48056503444799
0 594.4776 604.6552 191.2082 297.4328 -22.918329405326745
0 1229.1979 197.8773 129.078 161.8921 11.459155902616464
0 865.0892 1476.1068 293.9121 534.1734 23.44564343590298
0 1500.0757 808.9181 184.0191 370.7386 84.2704044485979
0 1418.8577 550.2361 178.994 205.0774 84.2704044485979
0 1473.024 468.0365 155.4751 236.2285 88.28110901451367
0 944.5478 228.4053 144.8305 230.8195 -7.494077501161456
0 1356.6319 1103.6768 356.0209 429.6931 -79.06819332814746
