0 601.6316 928.8319 256.4094 281.3426 -55.62253229215061
0 307.6224 969.749 166.1581 174.2225 88.32673517897445
0 376.083 589.7245 139.8004 153.6283 25.210142985756224
0 586.4272 609.4609 193.7613 297.5256 -17.188751454018586
0 1007.7095 335.2302 141.064 294.108 -3.437764370878824
0 1193.7584 192.4865 127.325 161.4217 5.729577951308232
0 1360.3442 270.0221 141.3981 198.5253 20.626480624709636
0 1409.1466 355.7032 164.2718 244.0785 21.24504698420742
0 1412.4825 553.1458 181.3937 212.7203 -90.0
0 1610.9422 563.4358 167.0973 304.3096 51.611810126140995
0 944.5307 193.4959 110.1447 164.2237 -8.639993091423094
0 1161.6614 485.822 267.0528 415.5759 5.729577951308232
