0 1455.5466 1383.5028 268.8323 481.466 -44.163376389534136
0 317.49 992.2813 142.0059 210.9579 65.40842337374147
0 334.5961 636.696 144.5804 163.6929 19.48056503444799
0 601.8483 609.3494 172.819 316.3594 -17.188751454018586
0 697.8427 1416.8427 222.7844 534.2051 45.83662361046586
0 1285.1876 289.4419 197.3655 247.5038 -2.2918487806171015
0 1535.6242 802.62 174.5027 345.5185 84.2704044485979
0 1425.6328 551.8236 180.7453 204.4326 84.2704044485979
0 1429.7176 431.0745 141.0015 159.3724 71.09237516058897
0 846.9648 205.6782 148.1718 167.0877 -9.78590868168476
0 1047.4119 406.2807 237.745 415.736 -9.167342322186983
