0 1454.5302 1375.8759 247.9338 475.3969 -44.163376389534136
0 313.731 910.6544 177.9623 210.927 4.0563131302826605
0 719.0012 340.6646 300.055 339.6914 64.1712730546522
0 601.8483 609.3494 172.819 316.3594 -17.188751454018586
0 834.2103 1471.5651 360.8239 509.0333 17.188733853924695
0 1168.5699 197.6098 179.5143 209.6926 89.99998239990612
0 1551.3806 918.0821 218.7334 435.5058 83.12448885833629
0 1426.2024 553.3566 173.3228 224.5749 86.56223562912118
0 1402.824 432.1004 137.9942 213.1834 65.36279720928076
0 859.5147 210.0997 129.3672 195.3608 -12.077739862208034
0 1056.4494 396.9494 239.0 416.0 0.0
