0 598.7802 1066.2998 200.1773 394.1061 34.37746770784939
0 298.6224 912.949 146.2 159.0 0.0
0 389.1225 591.449 139.3199 140.7479 -64.78985701424378
0 577.3224 629.349 185.2286 321.0087 -22.918329405326745
0 854.1124 242.2051 107.9777 155.4585 -18.334667044280195
0 1090.288 196.4235 116.498 178.6548 0.0
0 1401.431 309.3643 138.7093 252.0034 32.0856365273261
0 1494.8521 490.6199 206.6871 234.3283 72.81124854598141
0 1417.1224 556.449 178.0 196.0 -90.0
0 1617.5048 707.707 135.5406 206.514 72.81124854598141
0 1565.1224 879.949 207.2353 443.0424 68.8005439800657
0 1102.6224 438.949 269.0 319.0 0.0
