0 581.9708 1035.3177 241.3473 310.7617 4.0563131302826605
0 334.1413 928.9057 148.5345 156.1134 88.32673517897445
0 348.0646 621.3449 129.2862 163.1925 19.48056503444799
0 598.4776 602.6552 182.282 296.8639 -22.918329405326745
0 1253.7525 218.2563 126.3736 128.9093 -80.83267527790683
0 1615.7046 546.8571 198.4709 313.1007 52.71211715203574
0 1499.5757 804.418 193.0739 370.6422 84.2704044485979
0 1418.8577 550.2361 178.994 205.0774 84.2704044485979
0 1414.3969 426.8183 134.6778 159.1767 -13.178046888102756
0 974.7245 246.211 115.7995 199.2611 -2.9104151401148783
0 1723.8849 1182.1094 206.9483 367.8432 -77.92227773788579
