0 601.6316 928.8319 256.4094 281.3426 -55.62253229215061
0 829.4128 1222.3578 326.8111 411.6533 32.70420288682379
0 368.1416 598.8995 137.3508 150.9761 25.210142985756224
0 580.1224 608.449 188.5548 263.4902 -17.188751454018586
0 871.1561 222.1007 107.9846 129.7569 -9.167342322186983
0 1198.9857 182.1113 113.0031 138.5363 11.459155902616464
0 1372.6225 270.949 161.3661 221.9436 14.896902673401405
0 1431.8521 417.7083 174.5419 178.7421 61.35209264336498
0 1407.6224 550.449 170.0 215.0 -90.0
0 1618.2185 718.7089 158.1248 208.386 72.81124854598141
0 985.6224 214.949 164.4301 220.9362 -2.9104151401148783
0 1097.6224 408.449 247.0 400.0 0.0
