0 585.8701 1041.8603 229.7854 312.8231 34.37746770784939
0 333.3224 887.349 154.4 157.8 0.0
0 385.2447 578.3134 141.6057 182.8275 25.210142985756224
0 582.7371 614.5079 189.5433 299.2967 -22.918329405326745
0 955.8074 225.323 118.0198 154.9241 -9.167342322186983
0 1145.9224 195.2999 135.0 185.3019 4.010704565915763
0 1401.431 309.3643 138.7093 252.0034 32.0856365273261
0 1496.7516 491.9827 210.4137 237.1522 72.81124854598141
0 1411.1724 555.749 179.4 207.9 -90.0
0 1623.9808 714.7931 154.0487 221.7102 72.81124854598141
0 1053.3394 760.2889 348.2974 383.0981 -10.358866476815592
0 1106.4224 433.899 260.6 333.1 0.0
