0 601.8316 916.3319 267.5566 277.2687 34.37746770784939
0 303.8224 912.149 153.0 155.0 0.0
0 361.2724 590.5636 152.2129 153.74 -70.51943496555201
0 610.4381 603.7422 151.6846 245.1905 -17.188751454018586
0 916.7476 248.3486 108.1845 191.3365 -9.740300117317872
0 1131.0224 180.3999 113.8 159.5019 0.0
0 1399.731 308.5143 139.6957 251.5596 32.0856365273261
0 1460.0049 449.271 162.5934 192.1857 72.81124854598141
0 1416.1224 553.449 176.0 198.0 -90.0
0 1623.9808 714.7931 154.0487 221.7102 72.81124854598141
0 1123.6092 639.9547 336.7353 484.2194 2.246205016062561
0 1099.1724 382.149 176.7 359.4 0.0
