0 609.9978 1075.5073 227.3733 352.015 32.70420288682379
0 329.0318 934.9421 148.6545 149.7901 -1.6732648210255547
0 339.7936 649.1989 139.3651 152.0953 25.210142985756224
0 596.5804 608.3335 163.7737 314.6883 -17.188751454018586
0 1051.042 1478.248 390.6815 488.3916 -6.302553346532932
0 1328.3893 286.7943 139.8647 263.522 14.32394487827058
0 1543.896 796.3961 182.5221 345.6115 84.2704044485979
0 1415.9493 557.4494 175.996 221.5364 84.2704044485979
0 1430.8252 430.5893 134.4886 167.4504 71.09237516058897
0 960.3121 223.8 131.3387 242.1449 -8.067035296292289
0 1135.196 425.381 172.8934 443.9366 5.156620156177409
