0 580.8838 1030.9617 244.6909 308.0557 4.0563131302826605
0 327.4318 931.6421 142.5402 153.6132 -1.6732648210255547
0 352.1457 616.754 124.6533 179.4001 19.48056503444799
0 597.72 606.7112 186.8365 303.7455 -22.918329405326745
0 1288.8012 210.2256 138.8709 153.3645 11.459155902616464
0 1227.7538 1397.4114 399.0859 459.4683 -45.92787593938738
0 1519.2413 791.3057 192.0808 330.2098 84.2704044485979
0 1418.8577 550.2361 178.994 205.0774 84.2704044485979
0 1475.3109 478.7944 133.8317 240.1551 88.28110901451367
0 926.0623 222.9176 136.6408 233.1411 -2.9104151401148783
0 1776.9236 1157.2092 185.7958 316.6514 -83.65185568919406
