0 1440.4009 1384.9711 259.5644 475.5186 -44.163376389534136
0 309.231 959.7544 130.9986 184.6328 -85.94368686971734
0 456.8174 503.6679 164.0749 300.9097 -59.06027906293555
0 601.8483 609.3494 172.819 316.3594 -17.188751454018586
0 747.5102 1447.525 330.8025 518.2361 17.188733853924695
0 1339.0346 255.0175 132.453 199.2993 20.626480624709636
0 1469.368 797.2258 245.015 292.64 72.81124854598141
0 1500.9493 571.9494 165.1389 202.2305 72.81124854598141
0 1433.1456 433.4321 147.684 164.3305 71.09237516058897
0 906.9118 223.6439 141.5545 222.4887 -2.9104151401148783
0 1098.4494 399.9494 239.0 416.0 0.0
