0 317.9106 1029.4869 128.8959 179.6483 49.89293674074855
0 344.4802 643.3794 133.4548 146.2186 32.70420288682379
0 549.3555 544.7987 155.9501 227.5382 61.35209264336498
0 578.1269 1083.8443 178.1961 260.4186 34.37746770784939
0 1553.1956 771.0598 173.9123 209.0864 78.54082649728974
0 1408.3831 548.7707 180.4053 182.4165 84.2704044485979
0 1315.9826 321.9336 151.3176 152.4423 1.673247220931728
0 1187.4904 230.4655 91.5465 105.7671 1.7188733853924696
0 970.6214 229.4131 117.0181 145.0 -1.7600093883629597e-05
0 1534.3957 1198.4327 299.2993 511.6136 -72.23830835094448
