0 616.7624 938.2321 267.1033 268.4768 34.37746770784939
0 320.992 1022.8011 178.3732 240.7857 53.94926747112507
0 365.9992 609.4501 165.5999 174.185 25.210142985756224
0 600.9933 602.1746 170.2119 302.1452 -17.188751454018586
0 1710.0137 1154.9502 155.2909 245.4537 -79.06819332814746
0 1300.7769 1427.3813 285.6696 510.3738 -24.06424499558841
0 1347.1339 271.7817 121.9019 264.9029 19.48056503444799
0 1660.2826 815.8402 180.123 305.3347 -69.37351937529036
0 1412.4825 553.1458 181.3937 212.7203 -90.0
0 1577.0776 806.9637 193.0816 476.0868 71.09237516058897
0 814.4385 206.4233 157.1974 204.4613 -14.369571042731309
0 1408.4484 1074.3586 284.7116 448.7734 83.12448885833629
