0 1471.9009 1365.9711 210.7277 478.3414 -44.163376389534136
0 317.49 992.2813 142.0059 210.9579 65.40842337374147
0 335.7234 694.0666 152.768 176.6944 9.167324722093172
0 601.8483 609.3494 172.819 316.3594 -17.188751454018586
0 689.8035 1400.713 241.3158 509.8797 45.83662361046586
0 1334.7249 303.9209 148.0901 217.9979 14.896902673401405
0 1506.8545 806.7464 206.41 406.8288 84.2704044485979
0 1425.6328 551.8236 180.7453 204.4326 84.2704044485979
0 1432.8028 433.1963 147.0157 163.8347 71.09237516058897
0 850.2994 200.9602 126.6386 185.7101 -8.067035296292289
0 1048.3494 392.9494 239.0 416.0 0.0
