0 1451.4333 1378.9473 256.6568 475.4882 -44.163376389534136
0 312.231 923.8544 176.8372 184.3808 4.0563131302826605
0 619.0732 393.0445 240.5608 299.3337 -29.266473716132737
0 601.8483 609.3494 172.819 316.3594 -17.188751454018586
0 822.4352 1471.535 338.3079 515.9354 17.188733853924695
0 1247.9868 203.8106 144.5381 183.8712 8.307888029396937
0 1541.8122 907.5501 215.4143 418.9802 79.68674208755135
0 1487.1215 567.329 151.7902 208.6196 76.24899531676641
0 1402.824 432.1004 137.9942 213.1834 65.36279720928076
0 899.5625 219.5079 138.5077 215.7067 -5.202246320638153
0 1056.4494 396.9494 239.0 416.0 0.0
