0 579.3833 1037.4121 246.213 315.3061 4.0563131302826605
0 330.9913 933.1057 149.5708 156.747 -1.6732648210255547
0 348.0646 621.3449 129.2862 163.1925 19.48056503444799
0 598.4776 602.6552 182.282 296.8639 -22.918329405326745
0 1229.1979 197.8773 129.078 161.8921 11.459155902616464
0 1150.5704 1445.8046 382.6295 465.3634 8.357773929384479
0 1500.0757 808.9181 184.0191 370.7386 84.2704044485979
0 1418.8577 550.2361 178.994 205.0774 84.2704044485979
0 1477.364 474.322 142.6493 244.5276 88.28110901451367
0 952.6929 249.3019 146.1364 193.4638 -2.9104151401148783
0 1360.9521 1085.6096 346.9355 435.3904 -77.92227773788579
