0 1458.7463 1371.864 246.4799 475.3817 -44.163376389534136
0 314.556 908.5945 179.3167 215.1533 4.0563131302826605
0 735.1506 332.119 298.6901 359.0407 64.74423084978302
0 601.8483 609.3494 172.819 316.3594 -17.188751454018586
0 827.1589 1468.01 358.8101 507.481 17.761691649055518
0 1142.9104 195.9089 185.5161 245.0564 89.99998239990612
0 1553.9258 920.1977 220.1934 440.0796 83.69744665346707
0 1416.9079 551.0725 177.0009 225.5168 88.28110901451367
0 1401.1596 430.3755 142.5177 211.5957 65.36279720928076
0 853.0377 208.5498 128.2178 191.8367 -13.2236554524697
0 1058.7994 396.6494 235.1 415.8 0.0
