0 598.7802 1066.2998 200.1773 394.1061 34.37746770784939
0 326.1224 882.449 140.0 168.0 0.0
0 380.5855 592.4736 127.9156 151.3728 19.48056503444799
0 588.6889 632.2472 166.8458 316.3487 -22.918329405326745
0 942.6224 274.949 129.0 129.0 0.0
0 1212.648 199.3138 132.9721 177.1989 10.886198107485642
0 1372.6678 296.3516 160.6955 270.5387 20.626480624709636
0 1481.1225 475.949 196.4307 232.3273 72.81124854598141
0 1427.9224 552.849 185.2 217.6 -90.0
0 1630.4129 723.6848 166.0534 222.3972 73.3842063411123
0 1558.6225 988.949 202.8552 443.7159 80.25969988268213
0 1118.5224 441.749 288.2 324.6 0.0
