0 669.12 1074.4347 204.6813 603.6998 40.7256120186554
0 565.7902 595.4999 161.2482 190.3599 -71.66535055581366
0 952.5 407.9091 127.6888 331.8668 34.37746770784939
0 1594.0793 1041.4948 225.0857 448.0419 85.94366926962348
0 1903.9674 1176.7503 100.0372 247.8282 3.9650784014550027
0 1364.6665 323.5915 139.307 153.3763 53.285074947166564
0 1487.0318 742.4097 178.1008 224.681 79.68674208755135
0 1240.2186 1239.3321 207.0523 513.3393 -28.1205581258711
0 1750.0 1140.9091 175.7419 340.5169 -83.17013262289088
0 213.4354 1122.3667 48.2801 160.5729 -73.38422394120613
