0 664.0559 1032.8659 213.5357 415.0608 74.6213742602954
0 577.1735 346.9965 97.8679 115.643 -32.08565412741996
0 677.4571 385.167 139.4135 139.6992 -28.647907356635017
0 1369.4228 1394.1164 266.0257 524.3872 -40.01581093032996
0 1289.0211 285.9896 118.3859 120.2038 -76.86759687645181
0 1387.1878 405.5999 116.5285 183.401 -22.918329405326745
0 1399.7198 566.8788 198.8339 222.8552 87.66254265501594
0 1627.2166 1180.2481 197.713 411.6115 -81.49688540195916
0 582.2277 607.0871 196.8165 276.9149 -30.985347101525207
0 554.8123 1341.5818 264.6062 462.4536 65.36279720928076
0 948.5 296.5 121.933 195.2596 -4.538053796679662
