0 630.7299 989.1527 211.1539 312.6018 -85.3707290745865
0 594.9853 288.5373 109.2481 160.0113 -30.93973853715829
0 691.3305 376.6902 139.0487 173.9729 61.35209264336498
0 1608.7302 494.1167 176.8073 271.2891 46.5464422988851
0 1128.4992 233.5237 118.4987 284.3729 -3.483372935245683
0 1385.5 406.5 102.3835 207.2285 -22.918329405326745
0 1441.537 556.2136 157.6382 187.2762 -17.234360018385445
0 1468.7513 318.0654 142.7254 168.162 41.8259190445501
0 574.9019 558.4508 213.9191 337.8126 -37.86084064309509
0 1844.7723 1103.1087 121.2551 231.7184 -84.27042204869177
