0 658.6163 1030.5472 192.5108 440.922 68.89179630898721
0 743.3537 228.831 89.5128 178.6469 -20.626498224803527
0 688.5 377.0 143.4453 166.6266 61.35209264336498
0 1012.4426 491.8199 296.233 321.1947 67.17292292359474
0 1295.1949 270.2028 127.4292 132.0079 13.132403123548187
0 1384.6125 408.8183 138.9617 177.7851 -22.918329405326745
0 1413.0 559.0 218.1042 227.6458 81.93296470370771
0 1505.7876 417.5736 95.7898 123.3906 -20.144775158500323
0 607.0461 584.6992 173.2318 261.655 -30.985347101525207
0 776.1389 1345.6957 244.9945 472.5806 42.44448540404784
0 856.5 238.5 126.6297 133.2627 74.00279030070385
