0 663.3102 1035.6778 205.4643 435.8596 68.89179630898721
0 575.8067 340.0074 121.9129 132.4484 -43.544810030036444
0 688.3857 375.4425 146.2885 167.9194 61.35209264336498
0 972.6499 504.3909 283.9751 311.8075 -22.82707707640526
0 1295.1235 275.9783 127.5402 140.6578 13.132403123548187
0 1402.6164 410.8754 123.9775 173.1392 -22.918329405326745
0 1417.3422 567.2461 200.6592 221.0522 87.66254265501594
0 1548.6713 423.1519 156.8928 168.4619 -31.603931061116782
0 594.8272 589.133 198.7476 266.634 -30.985347101525207
0 1398.5715 1406.7245 341.0296 497.2068 -32.04002796295924
0 976.9995 277.5287 126.3327 177.7229 1.1915241546285529
