0 669.8864 1032.8859 207.6501 422.2791 74.6213742602954
0 573.7854 343.714 95.6139 124.8046 -32.08565412741996
0 680.5221 376.3124 132.6372 146.4767 61.35209264336498
0 964.0036 557.2896 203.6855 432.618 38.52503316705358
0 1286.5046 277.8145 125.0498 149.4299 -76.86759687645181
0 1407.5 417.5 120.2153 173.9146 -22.918329405326745
0 1447.8051 568.2754 170.7817 177.0527 -9.78590868168476
0 1469.878 383.7018 86.6241 141.9973 -43.06308696373324
0 595.7608 587.9706 188.7112 264.6764 -30.985347101525207
0 339.8697 908.2833 88.8179 167.9781 1.7188733853924696
0 923.5256 276.5207 145.707 194.7723 81.45124163740456
