0 664.6039 1034.3236 207.6208 437.6528 74.6213742602954
0 573.7854 343.714 95.6139 124.8046 -32.08565412741996
0 663.7515 389.7504 125.5434 156.3482 -28.647907356635017
0 909.7857 487.7433 234.8284 494.1919 -22.82707707640526
0 1294.0926 277.7141 126.321 136.8085 13.132403123548187
0 1398.3805 423.4643 143.7812 167.1556 -22.918329405326745
0 1478.3216 577.3331 170.6423 173.9677 76.2033867523995
0 1480.297 383.9981 108.4603 126.1667 -54.522242866349714
0 591.1428 591.449 174.1425 265.5455 -30.985347101525207
0 324.575 913.0188 165.9253 176.196 1.7188733853924696
0 976.1889 269.383 131.8178 153.8348 -2.8191804112871637
