0 656.8102 1025.1778 181.1917 440.4246 68.89179630898721
0 578.1992 342.5846 104.7969 123.3202 -37.81523207872817
0 676.8857 382.9425 140.5436 144.1515 -28.647907356635017
0 984.4796 498.7178 279.3042 310.5286 -22.82707707640526
0 1295.1235 275.9783 127.5402 140.6578 13.132403123548187
0 1396.1164 410.8754 128.8672 166.7289 -22.918329405326745
0 1406.2198 568.8788 198.3037 235.8444 87.66254265501594
0 1539.0314 1323.5957 332.6017 442.4349 -52.84899564541797
0 593.3858 593.2286 205.4359 273.2062 -30.985347101525207
0 1016.4895 1434.0915 230.7344 509.1192 2.3374397448902187
0 940.3688 279.7419 137.077 152.8085 -4.538053796679662
