0 658.6163 1030.5472 192.5108 440.922 68.89179630898721
0 1031.3434 226.0271 126.2766 242.8553 -14.896920273495255
0 682.1728 378.901 152.7563 154.5937 -28.647907356635017
0 993.9748 487.307 290.6535 309.7331 -22.82707707640526
0 1291.1949 279.2028 127.4292 132.0079 13.132403123548187
0 1385.1417 403.3482 102.8303 187.4495 -22.918329405326745
0 1446.8106 561.0437 194.8894 211.9323 -13.796613247600504
0 1506.498 417.6402 97.0777 124.0049 -20.144775158500323
0 606.0461 590.6992 173.2318 261.655 -30.985347101525207
0 305.2067 1094.5506 145.6922 325.9917 82.55153106320546
0 840.9072 248.9107 86.0835 107.2472 79.73236825201207
