0 640.3218 1055.5743 287.239 402.9499 68.89179630898721
0 1101.2204 228.803 111.9596 241.9923 5.729577951308232
0 678.1014 382.6765 140.0724 148.3606 -28.647907356635017
0 910.2564 475.8266 273.0181 518.1894 -34.28623297902175
0 1279.0474 278.7528 141.1564 151.5452 -82.59717482776006
0 1400.6417 408.3482 127.489 166.1669 -22.918329405326745
0 1447.1984 556.151 183.9957 195.4525 -8.067035296292289
0 1517.1047 406.2151 114.9232 121.5079 -60.25182081765794
0 592.4235 595.8013 195.17 272.8572 -30.985347101525207
0 289.9878 912.7442 155.2009 321.465 88.28110901451367
0 849.2446 240.7451 102.3346 105.4401 79.73236825201207
