0 741.4632 1409.5461 251.8849 465.467 27.02025109997635
0 1096.8811 225.1185 114.1293 253.6362 5.729577951308232
0 672.8168 391.758 134.2292 151.3669 -28.647907356635017
0 1644.4502 884.0929 253.4654 460.2933 66.59996512846394
0 1307.9186 288.2754 146.5052 150.9325 7.402825172239943
0 1393.6417 403.8482 118.0989 179.9083 -22.918329405326745
0 1416.9435 558.5344 206.6649 217.0918 76.2033867523995
0 1533.3028 420.381 116.0077 128.3634 68.1363514561072
0 584.0 592.5 202.7846 260.5828 -30.985347101525207
0 285.0681 945.1555 123.7331 301.9491 -85.98929543408424
0 915.3213 265.148 121.3945 235.1072 -10.267631747987934
