0 707.6603 1400.545 238.7817 432.7607 47.64673172468599
0 1102.2204 230.803 111.9596 241.9923 5.729577951308232
0 680.1014 378.6765 147.4181 153.4635 -28.647907356635017
0 997.0622 562.8945 262.745 545.7933 0.09123472882765782
0 1312.3601 289.543 127.4369 146.7285 7.402825172239943
0 1402.6417 408.8482 130.7838 163.6881 -22.918329405326745
0 1414.7154 564.688 206.6244 241.9676 81.93296470370771
0 1507.369 395.5084 110.1138 126.8708 18.289023279725598
0 567.4235 608.8013 251.4202 269.406 -30.985347101525207
0 315.9179 989.7524 141.5801 317.1943 82.55153106320546
0 850.5346 254.335 104.6642 130.8421 74.00279030070385
