0 662.3923 1034.7031 216.5826 427.3662 74.6213742602954
0 573.7854 343.714 95.6139 124.8046 -32.08565412741996
0 691.8845 368.873 137.1713 180.3594 61.35209264336498
0 1279.9913 1431.6468 379.076 547.6289 -11.367921173788773
0 1295.0926 276.7141 127.8142 139.2106 13.132403123548187
0 1381.1878 406.5999 104.697 186.2319 -22.918329405326745
0 1399.7198 566.8788 198.8339 222.8552 87.66254265501594
0 1601.137 1273.3422 196.8472 390.2554 -70.03772949934267
0 605.0683 594.2555 179.5598 268.2217 -30.985347101525207
0 346.5163 1158.9108 170.4078 356.2065 85.9892778339904
0 929.6075 300.3585 159.3121 180.9515 -25.73749221652014
