0 673.0559 1034.8659 213.5357 415.0608 74.6213742602954
0 577.1735 346.9965 97.8679 115.643 -32.08565412741996
0 677.4571 385.167 139.4135 139.6992 -28.647907356635017
0 1377.4793 1427.3082 295.7637 559.9836 -17.097499125097045
0 1289.0211 285.9896 118.3859 120.2038 -76.86759687645181
0 1384.1878 410.5999 107.1079 176.5269 -22.918329405326745
0 1399.7198 566.8788 198.8339 222.8552 87.66254265501594
0 1615.8666 1171.4916 216.9875 407.7187 -75.76730745065095
0 582.2277 607.0871 196.8165 276.9149 -30.985347101525207
0 542.3233 1362.9197 284.647 403.7799 65.36279720928076
0 948.5 296.5 121.933 195.2596 -4.538053796679662
