0 656.8102 1025.1778 181.1917 440.4246 68.89179630898721
0 571.6274 341.3487 105.2462 134.3927 -37.81523207872817
0 688.3857 375.4425 146.2885 167.9194 61.35209264336498
0 983.6499 498.8909 308.5195 310.2039 -22.82707707640526
0 1295.1235 275.9783 127.5402 140.6578 13.132403123548187
0 1392.6164 408.8754 123.9775 173.1392 -22.918329405326745
0 1407.9341 564.4922 206.9298 239.628 87.66254265501594
0 1675.5542 810.4199 190.1731 371.1021 64.12564689019143
0 603.6931 587.3405 181.7005 272.6892 -30.985347101525207
0 1422.4016 1389.9405 225.3523 534.912 -32.04002796295924
0 955.031 282.5547 109.0174 160.9885 -4.538053796679662
