0 807.0 1286.0 330.0373 411.6204 5.202228720544326
0 962.6816 210.9811 104.1473 214.3742 -2.2918487806171015
0 691.1622 373.2035 145.3297 177.0208 61.35209264336498
0 1602.9651 565.5985 202.4827 363.8845 52.27602025019334
0 1188.6303 188.7177 106.8305 174.0295 2.8191628111933653
0 1385.5 406.5 102.3835 207.2285 -22.918329405326745
0 1415.7802 551.1474 203.8369 212.2161 -17.234360018385445
0 1466.2762 312.9811 150.6791 169.2195 36.09634109324187
0 586.2138 626.9318 168.3009 250.0932 -36.71492505283345
0 1783.3496 1212.1372 140.6366 285.5233 -81.40563307303765
0 1712.6901 1114.2644 127.2785 312.2334 -84.27042204869177
