0 633.7735 973.1407 306.9905 315.5293 18.99884196814483
0 1105.2204 226.803 119.5203 246.771 5.729577951308232
0 678.1014 382.6765 140.0724 148.3606 -28.647907356635017
0 906.9796 513.4861 289.9394 536.7067 -11.367921173788773
0 1292.2224 278.318 136.0022 149.6497 13.132403123548187
0 1396.6417 407.3482 120.8993 171.1244 -22.918329405326745
0 1472.6791 563.6446 184.3615 194.2814 76.2033867523995
0 1519.1047 408.2151 114.9232 121.5079 -54.522242866349714
0 592.4235 589.8013 195.17 272.8572 -30.985347101525207
0 366.8382 510.6974 90.7492 158.2381 -51.61182772623485
0 836.9609 227.6293 65.6689 87.5669 74.00279030070385
