0 671.8923 1026.7031 207.6871 410.1073 74.6213742602954
0 573.7854 343.714 95.6139 124.8046 -32.08565412741996
0 683.5028 382.1834 152.4965 152.8853 61.35209264336498
0 1007.9315 639.8472 368.8036 584.2648 -5.638343222480586
0 1295.0926 276.7141 127.8142 139.2106 13.132403123548187
0 1399.6878 419.0999 129.0408 148.7969 -22.918329405326745
0 1405.2365 563.7691 193.0696 234.1331 87.66254265501594
0 1591.6428 1283.949 223.1084 386.0993 -52.84899564541797
0 605.0683 596.2555 179.5598 268.2217 -30.985347101525207
0 300.6631 1076.541 142.592 313.7012 85.9892778339904
0 940.8464 300.0866 128.8765 165.1476 -20.007914265211923
