0 779.2021 1409.8004 319.3072 462.202 15.56109519735989
0 1070.843 229.2546 126.3139 253.4909 -1.7600093883629597e-05
0 665.8248 385.9341 120.3427 143.3793 -28.647907356635017
0 1653.3555 679.9677 276.677 402.5119 66.59996512846394
0 1281.3926 279.1009 132.0471 185.3485 -76.294639081321
0 1400.6417 404.8482 130.2149 172.6143 -22.918329405326745
0 1419.0 555.5 201.752 222.5335 76.2033867523995
0 1506.0523 402.7924 117.4911 125.6383 -44.78196034912574
0 586.5 590.0 214.9912 274.4882 -30.985347101525207
0 1315.7266 1136.9788 333.3019 375.5357 -74.53013953146777
0 968.9708 429.7264 149.9409 377.5109 1.1915241546285529
