0 673.0559 1034.8659 213.5357 415.0608 74.6213742602954
0 577.1735 346.9965 97.8679 115.643 -32.08565412741996
0 677.4571 385.167 139.4135 139.6992 -28.647907356635017
0 1196.3281 908.7928 395.7129 473.6612 78.63207882621123
0 1289.0211 285.9896 118.3859 120.2038 -76.86759687645181
0 1384.1878 410.5999 107.1079 176.5269 -22.918329405326745
0 1399.7198 566.8788 198.8339 222.8552 87.66254265501594
0 1561.9698 1296.7164 220.6209 448.2765 -52.84899564541797
0 602.5407 591.1702 174.0712 279.103 -30.985347101525207
0 524.2441 1337.0883 250.4156 416.859 71.09237516058897
0 948.5 296.5 121.933 195.2596 -4.538053796679662
