0 662.3923 1034.7031 216.5826 427.3662 74.6213742602954
0 573.7854 343.714 95.6139 124.8046 -32.08565412741996
0 677.4571 385.167 139.4135 139.6992 -28.647907356635017
0 1385.773 1349.5927 354.7238 487.5374 -62.93412273556291
0 1295.0926 276.7141 127.8142 139.2106 13.132403123548187
0 1394.6878 412.5999 124.8926 164.6649 -22.918329405326745
0 1399.7198 566.8788 198.8339 222.8552 87.66254265501594
0 1607.198 1271.2149 178.5351 404.4762 -64.30815154803452
0 601.6254 584.921 165.4237 265.8264 -30.985347101525207
0 1264.5453 864.3977 317.2428 593.6766 53.90364130666427
0 948.5 296.5 121.933 195.2596 -4.538053796679662
