0 764.4084 1267.9601 277.4754 458.6486 66.55433896400316
0 1081.9815 229.9643 126.5908 238.9104 3.437746770784939
0 684.8248 373.4341 139.6579 165.6765 61.35209264336498
0 1642.8163 674.8461 255.0405 408.5205 66.59996512846394
0 1272.3124 220.927 141.5951 181.2543 7.975782967370776
0 1404.6417 412.8482 132.8359 173.6776 -22.918329405326745
0 1419.0 555.5 201.752 222.5335 76.2033867523995
0 1505.2291 404.8867 107.5881 130.2671 45.21803965087426
0 596.5 592.5 196.9813 267.8066 -30.985347101525207
0 1624.2335 1175.431 219.9649 451.2522 -80.25971748277601
0 1163.3867 817.4949 191.0152 326.893 35.56899186247796
