0 662.3923 1034.7031 216.5826 427.3662 74.6213742602954
0 577.1735 346.9965 97.8679 115.643 -32.08565412741996
0 677.4571 385.167 139.4135 139.6992 -28.647907356635017
0 1373.769 1362.9033 274.5653 576.4182 -45.745388881638206
0 1291.0926 277.7141 120.4779 135.4453 13.132403123548187
0 1387.1878 405.5999 116.5285 183.401 -22.918329405326745
0 1399.7198 566.8788 198.8339 222.8552 87.66254265501594
0 1621.3786 1224.6953 210.3999 438.0494 -64.30815154803452
0 602.7277 591.0871 169.8824 253.4297 -30.985347101525207
0 676.5859 1363.1762 250.6861 536.397 53.90364130666427
0 948.5 296.5 121.933 195.2596 -4.538053796679662
