0 663.3102 1035.6778 205.4643 435.8596 68.89179630898721
0 548.5357 364.684 116.6361 150.3994 -43.544810030036444
0 688.3857 375.4425 146.2885 167.9194 61.35209264336498
0 1006.9426 484.8199 313.4039 316.4875 67.17292292359474
0 1295.1235 275.9783 127.5402 140.6578 13.132403123548187
0 1402.6164 410.8754 123.9775 173.1392 -22.918329405326745
0 1450.5 562.0 173.1745 196.2438 -8.067035296292289
0 1498.0351 395.9947 97.4079 149.5941 -20.144775158500323
0 594.8272 589.133 198.7476 266.634 -30.985347101525207
0 1376.3581 1412.8 303.9546 485.6225 -32.04002796295924
0 959.6302 287.1059 109.081 202.2151 -4.538053796679662
