0 630.6399 987.1705 302.4485 303.3264 18.99884196814483
0 1105.2204 226.803 119.5203 246.771 5.729577951308232
0 678.1014 382.6765 140.0724 148.3606 -28.647907356635017
0 985.0384 519.8921 409.003 520.1165 -5.638343222480586
0 1300.7224 279.818 135.8401 144.5533 13.132403123548187
0 1393.6417 406.3482 116.1518 175.303 -22.918329405326745
0 1500.7178 578.2725 146.6681 237.4968 81.93296470370771
0 1520.9582 411.9774 114.1005 122.119 64.12564689019143
0 595.4235 586.3013 186.4225 269.945 -30.985347101525207
0 404.4712 480.3538 100.1927 197.9084 -17.234360018385445
0 841.9479 243.0668 82.4011 94.332 -10.267631747987934
