0 662.3923 1034.7031 216.5826 427.3662 74.6213742602954
0 573.7854 343.714 95.6139 124.8046 -32.08565412741996
0 677.4571 385.167 139.4135 139.6992 -28.647907356635017
0 1375.769 1385.4033 267.4568 519.2302 -45.745388881638206
0 1295.0926 276.7141 127.8142 139.2106 13.132403123548187
0 1387.1878 405.5999 116.5285 183.401 -22.918329405326745
0 1399.7198 566.8788 198.8339 222.8552 87.66254265501594
0 1548.0346 1335.9103 228.497 421.2714 -29.930683840185054
0 602.7277 591.0871 169.8824 253.4297 -30.985347101525207
0 782.8836 1284.4475 308.0215 467.3081 59.63321925797254
0 948.5 296.5 121.933 195.2596 -4.538053796679662
