0 662.3923 1034.7031 216.5826 427.3662 74.6213742602954
0 573.7854 343.714 95.6139 124.8046 -32.08565412741996
0 691.8845 368.873 137.1713 180.3594 61.35209264336498
0 1316.5328 1424.1366 326.439 555.131 -17.097499125097045
0 1295.0926 276.7141 127.8142 139.2106 13.132403123548187
0 1381.1878 406.5999 104.697 186.2319 -22.918329405326745
0 1399.7198 566.8788 198.8339 222.8552 87.66254265501594
0 1601.137 1273.3422 196.8472 390.2554 -70.03772949934267
0 601.2166 585.5026 164.124 266.4028 -30.985347101525207
0 700.4259 1427.0655 243.3418 476.6157 25.25575155012308
0 916.881 298.7965 170.0738 172.2955 -27.45636560191258
