0 662.3923 1034.7031 216.5826 427.3662 74.6213742602954
0 573.7854 343.714 95.6139 124.8046 -32.08565412741996
0 677.5444 374.4292 141.1692 149.8627 61.35209264336498
0 1401.4665 1325.9888 274.0367 546.4762 -45.745388881638206
0 1295.0926 276.7141 127.8142 139.2106 13.132403123548187
0 1394.6878 412.5999 124.8926 164.6649 -22.918329405326745
0 1399.7198 566.8788 198.8339 222.8552 87.66254265501594
0 1615.6834 1228.9992 183.2071 386.0145 -58.57857359672619
0 607.2166 584.5026 175.4412 270.866 -30.985347101525207
0 860.8141 1245.6066 281.74 505.7647 53.90364130666427
0 948.5 296.5 121.933 195.2596 -4.538053796679662
