0 756.4632 1413.5461 251.8849 465.467 27.02025109997635
0 1092.5 226.5 117.8263 258.0522 5.729577951308232
0 667.5 399.5 117.4738 129.1274 -28.647907356635017
0 1661.2964 710.4285 180.518 410.8938 66.59996512846394
0 1235.4697 272.1488 130.4463 234.5236 -76.294639081321
0 1393.6417 403.8482 118.0989 179.9083 -22.918329405326745
0 1416.9435 558.5344 206.6649 217.0918 76.2033867523995
0 1506.0523 402.7924 117.4911 125.6383 -44.78196034912574
0 589.1269 591.7784 212.3182 264.6244 -30.985347101525207
0 433.4749 1162.8308 233.7312 421.7354 -85.98929543408424
0 965.2667 264.9922 97.9105 241.0245 -4.538053796679662
