0 671.0559 1026.8659 213.5357 415.0608 68.89179630898721
0 577.1735 346.9965 97.8679 115.643 -32.08565412741996
0 677.4571 385.167 139.4135 139.6992 -28.647907356635017
0 976.0999 554.6778 292.511 446.1792 0.09123472882765782
0 1295.1235 275.9783 127.5402 140.6578 13.132403123548187
0 1384.1878 410.5999 107.1079 176.5269 -22.918329405326745
0 1395.7198 569.8788 197.1618 214.7803 87.66254265501594
0 1527.9698 1333.7164 283.4712 438.1847 -52.84899564541797
0 602.5407 591.1702 174.0712 279.103 -30.985347101525207
0 514.6278 1332.9697 231.5712 430.4671 65.36279720928076
0 950.8263 273.5056 116.2536 148.6754 -4.538053796679662
