0 662.3923 1034.7031 216.5826 427.3662 74.6213742602954
0 573.7854 343.714 95.6139 124.8046 -32.08565412741996
0 691.8845 368.873 137.1713 180.3594 61.35209264336498
0 1263.9913 1433.6468 411.2366 545.2429 -11.367921173788773
0 1295.0926 276.7141 127.8142 139.2106 13.132403123548187
0 1390.6878 407.5999 121.4183 176.9908 -22.918329405326745
0 1399.7198 566.8788 198.8339 222.8552 87.66254265501594
0 1594.7277 1266.0279 213.8316 397.6696 -58.57857359672619
0 603.0683 586.2555 179.5598 268.2217 -30.985347101525207
0 307.5959 1069.426 150.0427 335.7456 -88.28112661460753
0 937.3965 300.3584 145.2795 174.1869 -25.73749221652014
