0 658.6163 1030.5472 192.5108 440.922 68.89179630898721
0 969.7729 227.1864 122.6409 253.1695 -9.167342322186983
0 682.1728 378.901 152.7563 154.5937 -28.647907356635017
0 1012.4426 491.8199 296.233 321.1947 67.17292292359474
0 1295.1949 270.2028 127.4292 132.0079 13.132403123548187
0 1390.1417 406.8482 109.315 177.1079 -22.918329405326745
0 1438.7299 569.4004 179.6142 190.2878 -8.067035296292289
0 1503.7876 415.5736 93.412 118.2577 -20.144775158500323
0 610.0461 584.6992 173.2318 261.655 -30.985347101525207
0 375.5714 1189.7245 157.0982 379.6957 82.55153106320546
0 843.4072 253.4107 76.3364 110.5629 79.73236825201207
