0 664.6039 1034.3236 207.6208 437.6528 74.6213742602954
0 573.7854 343.714 95.6139 124.8046 -32.08565412741996
0 663.7515 389.7504 125.5434 156.3482 -28.647907356635017
0 952.8334 533.368 255.7063 358.3921 -34.28623297902175
0 1294.0926 277.7141 126.321 136.8085 13.132403123548187
0 1392.9272 406.9445 121.4556 188.5804 -22.918329405326745
0 1449.8216 565.3331 130.335 176.4031 -13.796613247600504
0 1491.0365 398.8096 118.5649 126.3086 18.289023279725598
0 595.1428 588.949 183.5751 265.3775 -30.985347101525207
0 324.575 913.0188 165.9253 176.196 1.7188733853924696
0 965.1429 271.949 109.5001 149.7956 -2.8191804112871637
