0 663.3816 1034.9023 204.0688 435.1678 68.89179630898721
0 563.6735 353.9965 118.1234 128.1804 57.91434587258004
0 677.4571 385.167 139.4135 139.6992 -28.647907356635017
0 987.5714 496.7245 292.4569 305.9522 -22.82707707640526
0 1295.1235 275.9783 127.5402 140.6578 13.132403123548187
0 1384.1878 410.5999 107.1079 176.5269 -22.918329405326745
0 1395.7198 569.8788 197.1618 214.7803 87.66254265501594
0 1536.2108 1344.9985 297.4924 466.9779 -52.84899564541797
0 605.56 589.6189 180.8454 279.5519 -30.985347101525207
0 545.6878 1361.8598 241.1531 436.9448 59.63321925797254
0 955.5 280.0 100.9691 172.5522 -4.538053796679662
