0 757.2995 1413.9906 253.661 477.0336 32.74982905128462
0 1055.5 230.5 117.8263 258.0522 -5.729595551402099
0 661.8248 393.9341 116.8324 141.4616 -28.647907356635017
0 1658.2964 702.9285 203.5154 405.591 66.59996512846394
0 1230.9697 272.1488 127.4138 255.3995 -76.294639081321
0 1398.6417 407.8482 124.1941 168.6456 -22.918329405326745
0 1416.9435 558.5344 206.6649 217.0918 76.2033867523995
0 1506.0523 402.7924 117.4911 125.6383 -44.78196034912574
0 589.5 587.0 206.7585 272.4333 -30.985347101525207
0 609.521 1172.5935 232.9084 546.19 88.28110901451367
0 987.5663 297.0513 115.393 291.9191 -21.726787650604365
