0 804.5052 1281.7428 323.2586 412.6606 60.82476101269492
0 1017.8109 237.1221 119.6027 261.6861 -13.751004683233589
0 691.1622 373.2035 145.3297 177.0208 61.35209264336498
0 1648.8062 699.7975 273.5309 401.5517 60.87038717715566
0 1260.9027 204.0665 118.2027 179.1992 7.975782967370776
0 1393.0 408.5 114.7771 190.7544 -22.918329405326745
0 1415.7802 551.1474 203.8369 212.2161 -17.234360018385445
0 1456.7762 342.4811 110.3521 170.0861 -53.903658906758125
0 600.8477 596.0259 186.7684 291.7304 -30.985347101525207
0 1796.3476 1175.2227 179.0616 243.7653 -74.53013953146777
0 1614.282 1088.3348 170.423 369.2424 -81.40563307303765
