0 671.8923 1026.7031 207.6871 410.1073 74.6213742602954
0 573.7854 343.714 95.6139 124.8046 -32.08565412741996
0 671.6429 382.949 124.8032 149.0844 -28.647907356635017
0 943.8909 510.2913 293.1028 598.9335 -22.82707707640526
0 1295.0926 276.7141 127.8142 139.2106 13.132403123548187
0 1399.6878 419.0999 129.0408 148.7969 -22.918329405326745
0 1405.2365 563.7691 193.0696 234.1331 87.66254265501594
0 1644.1174 1182.0324 188.3417 412.4037 -75.76730745065095
0 602.0683 597.2555 185.7332 266.8474 -30.985347101525207
0 309.6631 1045.541 142.592 313.7012 -88.28112661460753
0 950.8464 273.5866 98.0982 115.6936 -20.007914265211923
