0 742.3739 1294.0957 272.3613 475.505 43.63602715877025
0 1087.9815 228.9643 126.5908 238.9104 3.437746770784939
0 684.8248 373.4341 139.6579 165.6765 61.35209264336498
0 1640.3555 676.9677 276.677 402.5119 66.59996512846394
0 1295.5292 229.0999 156.1736 182.3951 13.705360918678991
0 1404.6417 412.8482 132.8359 173.6776 -22.918329405326745
0 1419.0 555.5 201.752 222.5335 76.2033867523995
0 1506.0523 402.7924 117.4911 125.6383 -44.78196034912574
0 590.5 600.0 214.9912 274.4882 -30.985347101525207
0 1504.0427 1221.7635 287.5537 463.5593 -51.61182772623485
0 994.7667 590.3494 199.1286 453.7505 -15.99720969929615
