0 674.8394 1281.5974 276.3476 510.9201 59.10588762730248
0 1103.2204 225.803 111.9596 241.9923 5.729577951308232
0 680.1014 378.6765 147.4181 153.4635 -28.647907356635017
0 922.1099 575.4984 317.3304 558.6597 -28.556655027713504
0 1300.5474 287.2528 148.2268 151.4555 -82.59717482776006
0 1402.6417 408.8482 130.7838 163.6881 -22.918329405326745
0 1419.7154 565.688 206.6244 241.9676 81.93296470370771
0 1493.369 388.5084 125.2733 134.4989 18.289023279725598
0 567.4235 608.8013 251.4202 269.406 -30.985347101525207
0 315.9179 989.7524 141.5801 317.1943 82.55153106320546
0 849.5346 243.335 104.6642 130.8421 79.73236825201207
