0 662.3923 1034.7031 216.5826 427.3662 74.6213742602954
0 573.7854 343.714 95.6139 124.8046 -32.08565412741996
0 677.4571 385.167 139.4135 139.6992 -28.647907356635017
0 1329.6989 1423.0172 408.9372 519.5645 -40.01581093032996
0 1295.0926 276.7141 127.8142 139.2106 13.132403123548187
0 1394.6878 412.5999 124.8926 164.6649 -22.918329405326745
0 1399.7198 566.8788 198.8339 222.8552 87.66254265501594
0 1528.6035 1345.308 241.7797 434.8738 -35.660261791493326
0 597.4629 587.2196 174.9274 265.4817 -30.985347101525207
0 1053.0453 1125.3977 284.8484 346.8762 -36.09635869333573
0 948.5 296.5 121.933 195.2596 -4.538053796679662
