0 663.3102 1035.6778 205.4643 435.8596 68.89179630898721
0 571.6274 341.3487 105.2462 134.3927 -37.81523207872817
0 688.3857 375.4425 146.2885 167.9194 61.35209264336498
0 983.6499 498.8909 308.5195 310.2039 -22.82707707640526
0 1295.1235 275.9783 127.5402 140.6578 13.132403123548187
0 1392.6164 408.8754 123.9775 173.1392 -22.918329405326745
0 1417.3422 567.2461 200.6592 221.0522 87.66254265501594
0 1592.5 575.0 191.7089 325.7802 58.39606893888322
0 594.8272 589.133 198.7476 266.634 -30.985347101525207
0 1440.6845 1406.4889 217.8426 500.6055 -32.04002796295924
0 955.031 277.5547 109.0174 160.9885 -4.538053796679662
