0 662.3923 1034.7031 216.5826 427.3662 74.6213742602954
0 573.7854 343.714 95.6139 124.8046 -32.08565412741996
0 683.5028 382.1834 152.4965 152.8853 61.35209264336498
0 1298.525 1433.4925 369.7471 557.2451 -17.097499125097045
0 1295.0926 276.7141 127.8142 139.2106 13.132403123548187
0 1391.6878 411.5999 120.1451 168.8435 -22.918329405326745
0 1399.7198 566.8788 198.8339 222.8552 87.66254265501594
0 1596.7277 1266.0279 213.8316 397.6696 -52.84899564541797
0 603.0683 586.2555 179.5598 268.2217 -30.985347101525207
0 362.0395 1011.0588 281.6874 320.4263 -76.82197071199107
0 947.2424 294.9121 129.403 175.9697 -20.007914265211923
