0 662.3923 1034.7031 216.5826 427.3662 74.6213742602954
0 573.7854 343.714 95.6139 124.8046 -32.08565412741996
0 687.9571 373.667 149.8157 168.8696 61.35209264336498
0 1393.5341 1368.9572 342.3358 526.5713 -57.204544784254665
0 1295.0926 276.7141 127.8142 139.2106 13.132403123548187
0 1394.6878 412.5999 124.8926 164.6649 -22.918329405326745
0 1399.7198 566.8788 198.8339 222.8552 87.66254265501594
0 1619.198 1247.7149 190.1817 403.312 -64.30815154803452
0 601.6254 584.921 165.4237 265.8264 -30.985347101525207
0 1221.5523 936.3468 328.5637 466.9084 48.174063355356054
0 948.5 296.5 121.933 195.2596 -4.538053796679662
