0 656.8102 1025.1778 181.1917 440.4246 68.89179630898721
0 578.1992 342.5846 104.7969 123.3202 -37.81523207872817
0 671.8857 387.4425 127.4529 141.0475 -28.647907356635017
0 990.765 494.396 294.2438 307.4389 -22.82707707640526
0 1295.1235 275.9783 127.5402 140.6578 13.132403123548187
0 1396.1164 410.8754 128.8672 166.7289 -22.918329405326745
0 1406.2198 568.8788 198.3037 235.8444 87.66254265501594
0 1539.0314 1323.5957 332.6017 442.4349 -52.84899564541797
0 602.06 588.6189 185.8168 274.2336 -30.985347101525207
0 734.5966 1378.5305 256.1865 526.162 36.714907452739624
0 929.3688 279.7419 154.5492 159.008 85.46194620332034
