0 644.2961 1040.2373 229.1483 415.373 57.43264040637072
0 1098.2204 224.803 119.5203 246.771 2.291831180523293
0 692.6014 375.6765 150.2537 174.152 61.35209264336498
0 948.2444 482.9402 240.9999 355.9831 -28.556655027713504
0 1292.3604 288.5354 122.1513 122.736 -76.86759687645181
0 1385.1417 403.3482 102.8303 187.4495 -22.918329405326745
0 1475.4535 579.6865 156.813 162.7178 -13.796613247600504
0 1510.1409 420.2831 102.0973 116.5334 -20.144775158500323
0 606.9235 592.8013 174.7584 264.1185 -30.985347101525207
0 306.3832 1122.5742 166.7014 302.3144 -85.98929543408424
0 840.9072 248.9107 86.0835 107.2472 79.73236825201207
