0 664.6039 1034.3236 207.6208 437.6528 74.6213742602954
0 573.7854 343.714 95.6139 124.8046 -32.08565412741996
0 660.1429 387.949 130.1499 149.7263 -28.647907356635017
0 997.9014 565.3006 231.595 549.7103 -5.638343222480586
0 1289.0926 281.7141 118.4001 126.7457 13.132403123548187
0 1398.3805 423.4643 143.7812 167.1556 -22.918329405326745
0 1487.3216 567.3331 172.0042 196.2869 76.2033867523995
0 1499.4264 394.7807 96.5958 131.713 -25.874353109808567
0 587.1428 594.449 174.1425 265.5455 -30.985347101525207
0 324.575 913.0188 165.9253 176.196 1.7188733853924696
0 976.1889 269.383 131.8178 153.8348 -2.8191804112871637
