0 693.2021 1459.3004 205.0712 387.8303 15.56109519735989
0 1013.6741 161.7238 123.8423 126.9223 84.2704044485979
0 663.8248 385.9341 116.8324 141.4616 -28.647907356635017
0 1658.2964 702.9285 203.5154 405.591 66.59996512846394
0 1313.9089 293.5993 127.7859 140.333 -70.56506113001277
0 1400.6417 404.8482 130.2149 172.6143 -22.918329405326745
0 1416.9435 558.5344 206.6649 217.0918 76.2033867523995
0 1506.0523 402.7924 117.4911 125.6383 -44.78196034912574
0 589.5 587.0 206.7585 272.4333 -30.985347101525207
0 843.521 1147.0935 342.3006 401.4061 88.28110901451367
0 1045.6504 313.7472 124.6783 283.2583 -4.538053796679662
