0 662.3923 1034.7031 216.5826 427.3662 74.6213742602954
0 573.7854 343.714 95.6139 124.8046 -32.08565412741996
0 691.8845 368.873 137.1713 180.3594 61.35209264336498
0 1276.4359 1417.449 280.1888 514.3564 -17.097499125097045
0 1295.0926 276.7141 127.8142 139.2106 13.132403123548187
0 1389.6878 407.5999 119.5762 177.7697 -22.918329405326745
0 1399.7198 566.8788 198.8339 222.8552 87.66254265501594
0 1601.137 1273.3422 196.8472 390.2554 -70.03772949934267
0 607.2166 584.5026 175.4412 270.866 -30.985347101525207
0 758.1415 1461.5788 265.9627 450.77 19.52617359881492
0 899.8783 306.736 175.6656 176.3387 62.54363439808739
