0 664.6039 1034.3236 207.6208 437.6528 74.6213742602954
0 573.7854 343.714 95.6139 124.8046 -32.08565412741996
0 663.7515 389.7504 125.5434 156.3482 -28.647907356635017
0 992.5513 536.2214 235.4753 401.0061 44.254611118361794
0 1278.1013 278.5643 127.8861 157.0809 -76.86759687645181
0 1387.4272 403.9445 113.6604 198.3903 -22.918329405326745
0 1454.8216 565.3331 140.0465 178.7878 -13.796613247600504
0 1491.0365 398.8096 118.5649 126.3086 18.289023279725598
0 595.1428 588.949 183.5751 265.3775 -30.985347101525207
0 324.575 913.0188 165.9253 176.196 1.7188733853924696
0 961.1429 269.949 109.5001 149.7956 -2.8191804112871637
