0 664.6039 1034.3236 207.6208 437.6528 74.6213742602954
0 573.7854 343.714 95.6139 124.8046 -32.08565412741996
0 663.7515 389.7504 125.5434 156.3482 -28.647907356635017
0 921.4437 510.4661 288.1571 418.8057 -40.01581093032996
0 1294.0926 277.7141 126.321 136.8085 13.132403123548187
0 1395.4272 419.4445 141.4717 176.8606 -22.918329405326745
0 1463.8216 569.3331 130.335 176.4031 -13.796613247600504
0 1489.1593 393.867 111.898 134.5163 18.289023279725598
0 595.1428 588.949 183.5751 265.3775 -30.985347101525207
0 324.575 913.0188 165.9253 176.196 1.7188733853924696
0 976.1889 269.383 131.8178 153.8348 -2.8191804112871637
