0 662.3923 1034.7031 216.5826 427.3662 74.6213742602954
0 573.7854 343.714 95.6139 124.8046 -32.08565412741996
0 677.5444 374.4292 141.1692 149.8627 61.35209264336498
0 1274.7576 1409.4136 278.6722 498.0091 -17.097499125097045
0 1295.0926 276.7141 127.8142 139.2106 13.132403123548187
0 1393.6878 409.5999 125.387 170.9701 -22.918329405326745
0 1399.7198 566.8788 198.8339 222.8552 87.66254265501594
0 1607.6227 1268.2692 210.8121 398.9836 -70.03772949934267
0 607.2166 584.5026 175.4412 270.866 -30.985347101525207
0 748.6415 1455.5788 244.0446 445.8107 19.52617359881492
0 948.5 296.5 121.933 195.2596 -4.538053796679662
