0 671.8923 1026.7031 207.6871 410.1073 74.6213742602954
0 573.7854 343.714 95.6139 124.8046 -32.08565412741996
0 671.6429 382.949 124.8032 149.0844 -28.647907356635017
0 1028.2707 556.7165 327.1908 563.0021 -11.367921173788773
0 1295.0926 276.7141 127.8142 139.2106 13.132403123548187
0 1394.6878 421.0999 129.3252 144.3338 -22.918329405326745
0 1411.2365 563.7691 193.559 246.1232 87.66254265501594
0 1647.3474 719.6984 235.3709 361.5893 69.85522484149968
0 602.0683 597.2555 185.7332 266.8474 -30.985347101525207
0 352.0453 949.5088 172.3474 256.3098 -82.5515486632993
0 943.2212 264.3159 83.7404 149.906 87.18081958871284
