0 643.9585 998.0565 224.2322 345.4572 51.70306245506251
0 1095.2204 226.803 119.5203 246.771 2.291831180523293
0 678.1014 382.6765 140.0724 148.3606 -28.647907356635017
0 984.4879 506.092 369.8555 518.6632 -5.638343222480586
0 1292.3604 288.5354 122.1513 122.736 -76.86759687645181
0 1389.1417 404.3482 109.4199 182.492 -22.918329405326745
0 1459.9535 576.6865 142.7917 173.6907 -13.796613247600504
0 1512.6409 420.2831 106.7915 114.8114 -20.144775158500323
0 595.4235 586.3013 186.4225 269.945 -30.985347101525207
0 286.6555 762.1438 191.2155 197.9627 21.199438419840458
0 849.9072 243.9107 93.9553 108.6732 79.73236825201207
