0 741.125 1412.6869 250.3596 484.5786 27.02025109997635
0 1096.8811 225.1185 114.1293 253.6362 5.729577951308232
0 672.8168 391.758 134.2292 151.3669 -28.647907356635017
0 1514.5404 986.3484 300.9948 517.9546 83.78869898238861
0 1314.1337 290.6944 132.3834 154.3032 7.402825172239943
0 1386.4988 401.7053 106.6098 189.4188 -22.918329405326745
0 1416.9435 558.5344 206.6649 217.0918 76.2033867523995
0 1531.2143 424.2143 105.4435 141.9425 68.1363514561072
0 586.0 592.5 202.7846 260.5828 -30.985347101525207
0 273.8896 857.9875 209.0435 209.2771 15.469860468532227
0 909.3213 275.148 121.3945 235.1072 -10.267631747987934
