0 666.3611 1032.3606 204.7673 415.7595 74.6213742602954
0 573.7854 343.714 95.6139 124.8046 -32.08565412741996
0 681.4968 378.2871 128.2367 146.294 61.35209264336498
0 964.0036 557.2896 203.6855 432.618 38.52503316705358
0 1286.5046 277.8145 125.0498 149.4299 -76.86759687645181
0 1412.4747 419.4747 114.7904 160.9534 -22.918329405326745
0 1448.9378 568.2774 170.0228 183.0145 -8.067035296292289
0 1460.8527 393.1765 114.207 141.7004 -43.06308696373324
0 595.7608 587.9706 188.7112 264.6764 -30.985347101525207
0 328.6938 905.088 111.3512 173.6954 1.7188733853924696
0 922.8152 278.6966 141.6147 192.7204 81.45124163740456
