0 664.6039 1034.3236 207.6208 437.6528 74.6213742602954
0 573.7854 343.714 95.6139 124.8046 -32.08565412741996
0 660.1429 387.949 130.1499 149.7263 -28.647907356635017
0 1064.2285 555.4626 233.2474 580.3448 -5.638343222480586
0 1289.0926 281.7141 118.4001 126.7457 13.132403123548187
0 1400.6878 416.5999 143.8827 147.9503 -22.918329405326745
0 1493.0 560.5 161.4407 210.5752 76.2033867523995
0 1454.7602 339.0801 121.5893 163.3818 -54.522242866349714
0 597.2573 594.6395 191.2886 276.2864 -30.985347101525207
0 324.575 913.0188 165.9253 176.196 1.7188733853924696
0 976.1889 269.383 131.8178 153.8348 -2.8191804112871637
