0 641.6188 982.8449 232.9646 470.0047 -80.21410891840912
0 811.6067 215.132 118.8201 170.9191 -13.751004683233589
0 691.1622 373.2035 145.3297 177.0208 61.35209264336498
0 1607.7302 488.1167 176.8073 271.2891 46.5464422988851
0 1148.6726 239.879 104.5793 280.444 7.975782967370776
0 1385.5 406.5 102.3835 207.2285 -22.918329405326745
0 1415.7802 551.1474 203.8369 212.2161 -17.234360018385445
0 1463.2762 315.9811 149.3658 160.8364 36.09634109324187
0 546.976 602.4158 245.8867 298.4862 -53.903658906758125
0 1799.3683 1239.0994 72.0003 243.3268 -69.94647717042119
