0 658.6163 1030.5472 192.5108 440.922 68.89179630898721
0 896.3147 229.9915 95.2092 265.9276 -26.356076176111742
0 682.1728 378.901 152.7563 154.5937 -28.647907356635017
0 1012.4426 491.8199 296.233 321.1947 67.17292292359474
0 1295.1949 270.2028 127.4292 132.0079 13.132403123548187
0 1395.6417 408.3482 118.2784 170.0611 -22.918329405326745
0 1413.0 559.0 218.1042 227.6458 81.93296470370771
0 1503.7876 415.5736 93.412 118.2577 -20.144775158500323
0 607.0461 584.6992 173.2318 261.655 -30.985347101525207
0 524.9325 1305.1719 208.0952 461.9362 71.09237516058897
0 840.3739 255.4778 90.7646 145.8879 74.00279030070385
